69156.171875
59779.414062
74207.984375
45290.242188
79316.968750
76494.359375
71701.328125
63674.601562
81794.445312
51971.253906
69559.281250
77228.195312
66480.335938
60017.855469
67445.304688
40422.558594
74382.523438
80373.671875
65739.406250
55229.570312
75700.960938
43561.109375
70542.671875
82041.890625
51249.851562
42706.714844
75090.578125
48471.703125
67686.906250
75791.789062
65464.933594
48896.796875
70742.164062
38288.167969
56300.933594
83814.398438
43475.628906
39751.378906
52484.320312
44415.164062
47861.933594
46789.535156
48931.839844
37100.660156
47725.425781
39365.203125
40540.351562
64050.781250
65538.187500
58534.546875
71921.500000
43154.621094
72169.671875
79494.226562
56926.617188
53992.750000
76786.289062
49927.468750
69831.859375
78674.289062
46129.136719
46180.714844
52854.640625
42281.218750
57346.324219
56192.929688
55585.496094
55626.546875
82515.343750
62730.367188
47048.550781
76830.117188
32992.574219
31764.595703
56668.871094
36516.824219
41111.203125
48863.628906
43946.656250
32770.511719
59637.488281
35891.972656
37227.410156
58129.667969
35415.960938
46451.371094
41494.343750
36068.609375
53771.250000
40876.339844
54953.386719
47475.617188
56518.628906
40953.863281
48241.324219
58611.304688
33189.785156
42238.226562
53961.246094
42303.792969
53065.351562
46097.722656
55967.261719
43621.367188
60033.667969
38994.027344
48900.042969
67145.710938
70445.796875
67827.726562
85749.531250
56214.691406
81541.343750
82893.593750
80544.757812
67683.218750
94306.656250
62666.277344
78184.265625
90396.820312
44640.097656
35781.101562
59974.828125
28213.410156
39763.804688
52657.550781
42398.468750
40924.144531
61244.312500
36052.589844
44130.960938
51273.347656
59571.460938
68932.765625
80180.109375
51685.300781
65726.437500
72931.843750
68962.742188
67168.500000
85941.476562
55657.078125
68361.453125
90395.687500
