113
0.142857
24.7143
1.14286
95.5714
56.5714
74.4286
76.8571
46.5714
42.1429
100.429
29.1429
55.1429
5.85714
127.429
123.857
50.1429
51.8571
84
97
127.429
136.714
3.42857
142.143
143.143
145
108
10.5714
39.2857
111.714
43.4286
29
79.7143
38.4286
123.714
42.8571
60
60.7143
57.5714
104.143
122.286
85
67.7143
7
19.2857
32
74.1429
140.714
5.71429
99.8571
20
66.8571
59.7143
3.71429
65.5714
108.571
137.143
144.429
94.2857
136.429
28.7143
36.7143
92.4286
21
28.5714
84.7143
135
48.8571
136.143
19.2857
63.1429
123
33
45.1429
65
35.8571
67.2857
123.143
9
28.8571
77.7143
8.71429
21.8571
115.429
9.71429
62.4286
142
50.4286
88.4286
110.429
87.4286
15.4286
124.571
20.8571
96.4286
50.8571
44.4286
72.7143
17.2857
40.7143
99.5714
81
24.2857
45.2857
118.714
107.714
9
59.2857
47.1429
70.2857
107.286
74.7143
116.143
45.1429
92.8571
139.286
91.1429
57.2857
59.8571
60.8571
75.1429
112.714
39.8571
83.8571
87.2857
46.4286
133.286
14.4286
3.42857
25.8571
115.857
84
85
3.14286
91.8571
4.42857
40.4286
89
25
110
52.1429
33.1429
34.1429
45.2857
24
130.571
19
97.4286
29.7143
97.1429
19
7.28571
95.8571
12.1429
135.143
108.143
26.7143
6.57143
31.4286
7.42857
4.42857
51.7143
92.4286
49.2857
9.71429
85.2857
84.4286
31.2857
138.714
27.8571
29.8571
140.429
85.8571
100.429
115.286
103.429
72.1429
92.2857
91.8571
42.7143
85.1429
50.1429
1.71429
125.143
73.4286
24.7143
14.2857
71.8571
137.857
34.1429
24.5714
68.1429
51.5714
4
140.857
6.57143
8.42857
94.2857
139.143
131.429
69.5714
43
11.1429
23.4286
90.1429
133.857
16.2857
16.2857
30.8571
140
111.286
94.1429
125.571
34.2857
52.1429
139.571
10.7143
11.7143
144.857
42.8571
105.143
18
96.7143
16.8571
101.714
137.143
87.2857
119.714
3.14286
23
65.4286
47.1429
31.5714
21.7143
28.1429
4.28571
69
62.2857
63
79.1429
24.8571
105.857
71.2857
144.286
108.429
73.5714
143.714
135.429
123.143
47.2857
44.1429
9.57143
118.571
86.4286
37.8571
24.7143
22
30.4286
117
28.1429
138
91.1429
14.1429
58.7143
124.714
78.2857
68.4286
115.571
106
63.2857
71.5714
63.7143
112.429
53
50.7143
19.4286
66.7143
130.143
50.5714
139.429
130.143
134.286
19.2857
30.7143
5
141.857
119.857
63.4286
52.7143
66
47
23.8571
23.4286
136.286
83
73
99.2857
104.571
40
12.7143
67.7143
56.4286
66.1429
123.857
129.857
115.286
52.8571
51.4286
104
76.8571
20.5714
80.7143
96.1429
58.7143
27.5714
99.1429
101
10.7143
132.857
15.5714
61.4286
125.143
71.2857
48.5714
96.1429
85.1429
125.429
63.7143
55.4286
68.4286
81.5714
7.28571
33.4286
68.2857
18.1429
35.5714
122.143
49.5714
19.2857
66.4286
88.7143
26.8571
125.429
133
24.4286
102.714
82.8571
131.714
86.2857
34.5714
65.5714
136.714
141.714
4.57143
11.4286
105.714
132
72.5714
97.4286
88.8571
45
3.85714
105.571
66
16.1429
32.1429
93.8571
80.4286
81.1429
136.143
90.5714
117
133.857
4.57143
36.5714
92.5714
134.714
70.1429
0.571429
112.429
14
44.4286
133
21
28.2857
20.1429
52.7143
132.714
119.143
29.7143
145
122.143
17.2857
29.4286
99.8571
56.5714
95
98.2857
118.143
48.7143
60.5714
136.286
57.1429
11.2857
112
113.714
99.8571
114.714
128.429
92.4286
82.7143
99.8571
136
89.2857
40.2857
66
98.7143
119.714
16.5714
137.429
116.714
87.4286
73.4286
79.7143
19.7143
37.4286
118.714
82.5714
136.286
71.4286
110.857
75.5714
38.8571
42.2857
64.4286
99.2857
131.714
94.7143
5.14286
0
92.7143
106.429
140.286
96.1429
75.1429
137.286
2.71429
21
73.8571
24.1429
92.7143
43.4286
126.714
16.4286
37.4286
86.1429
10.5714
137
8
21.4286
73
102.286
39
92.7143
74.2857
50
49.2857
52
70.2857
46.7143
84.8571
59.5714
16.7143
119.714
54.5714
4.42857
83.5714
99.7143
13.5714
137.571
47.2857
129.571
102.571
19
53
107.429
126.571
39.4286
28.2857
74.2857
115
118.143
59.8571
128.143
77.7143
93.8571
3.28571
0.571429
24
63.4286
27
3.28571
42.2857
85.2857
116.571
45.8571
61.7143
110.429
67.5714
87.1429
141.429
9.71429
51.5714
15.4286
89.4286
133.857
52.8571
140.857
65.2857
73.1429
35.5714
109.286
139.286
104
39
25
43
10.7143
21.4286
98.8571
49.4286
106.429
30.1429
63.7143
54.2857
103.857
110.857
53.1429
43.2857
38.4286
4.85714
10.7143
96.4286
34.7143
15.4286
68.1429
16.8571
108.143
25.7143
95.8571
75.2857
90
71
139.286
134.714
82.2857
9.28571
9.71429
109.714
120.286
116.429
35.2857
142.286
69.2857
46.4286
119.143
108.143
44.5714
69.1429
59.8571
93.4286
69.4286
76.1429
141
88.7143
108.857
108.429
9.42857
74.2857
16.1429
110.857
45.5714
37.2857
72.4286
97.1429
122.429
94.2857
76.4286
68.2857
104.429
94.4286
70.8571
49
19.4286
84.1429
75.2857
85.5714
118.286
110.286
76.7143
136.143
69
84.5714
120.286
117.286
73.5714
107.286
39.4286
131.429
93
87.8571
21.2857
92.5714
138.857
30.8571
65.2857
1.42857
101.714
71.7143
34.7143
64.5714
95.7143
25.7143
144.143
90.2857
20.7143
29.2857
21.8571
110
94.1429
29.8571
142.429
97.2857
8.28571
119.857
28.2857
20.7143
87.8571
88
10.7143
102.714
35.7143
91.7143
47.5714
96.7143
137.714
74
59.8571
53.2857
40.5714
55.4286
131.571
90.5714
143.143
16.7143
116.143
15
106.857
51.8571
18.5714
143.143
4.42857
71
118.143
88.1429
31.7143
67.4286
8.14286
57.1429
81.8571
15.4286
132
111.714
82.4286
58.4286
107
45.2857
39.7143
109
105.429
122
132.857
108.286
26.7143
8.57143
42.5714
87.4286
136.286
85.1429
118.857
13.4286
123
5.28571
24
60.8571
79.2857
45.5714
67
39.7143
47.8571
133
32.8571
113.571
1.71429
34.5714
109.857
31.1429
128.286
77.4286
55.4286
144.714
33.7143
41.7143
39.7143
67.4286
41.4286
39.7143
90.5714
58.1429
131.429
66.2857
106.429
139.286
1.14286
3.85714
110.571
52.5714
57.8571
118.429
117.143
41.5714
59.8571
56
131.429
78.4286
8.71429
111.857
61.2857
124.429
128.143
106.143
40.2857
123.429
39.8571
135.143
101.857
138
118.857
54.5714
83
104.143
95.4286
87.7143
61.5714
135.143
135.857
100.857
4.28571
24
133.286
83.4286
114.429
30.1429
37
35.1429
62.2857
125.286
53.2857
55.2857
101.286
83.8571
35
128.714
49.7143
63
116
76.7143
135.714
19.4286
3.57143
133
37.5714
46.1429
92.5714
61.1429
33.8571
84.7143
69.7143
22.5714
97.8571
19.2857
31.1429
85.1429
52.7143
33.4286
33.7143
34
20.5714
110.143
89.2857
118.714
40.4286
28.7143
145
57.8571
81
48
8.85714
46.1429
38.1429
59.1429
78.2857
141
29.2857
54.4286
134.429
107.143
15.5714
137.429
125.143
33.1429
121.857
25.7143
133.143
51
10.7143
140.714
47
100.714
130.286
101.857
8
23.1429
34.7143
134.571
107.143
33.2857
61.1429
86.8571
140.429
11.4286
60.2857
98.4286
82.8571
7
80.4286
91.7143
144
0
51.5714
79.2857
137.857
142.286
48
91.8571
18.2857
130.429
0.428571
87.5714
136.286
66.5714
137.857
84.4286
65.2857
4.28571
45.1429
90.5714
71.2857
122.857
120.286
126.571
134.286
1.42857
99.1429
45
102.714
45.8571
119.143
44.7143
109.857
1.71429
143
60
0
19.5714
37.5714
40
68.5714
99.5714
82.4286
114.429
138.286
121.714
25.7143
135.857
143.714
80.2857
81.1429
81.5714
112
17.8571
38.5714
38.7143
101.286
134.714
122.286
42.4286
37.5714
30.2857
17
13.4286
110.429
29
42
16.7143
119.286
132.429
61.8571
79.1429
13.5714
112.714
127.143
93.5714
125.857
87.8571
135.286
107.857
59.2857
52.4286
95.1429
75.7143
104.714
79.2857
98
45
103.857
10.4286
21.4286
144.857
114.857
133.286
8.85714
40.1429
143.857
60.1429
33.7143
90
104.571
145.286
144.714
31.7143
75.1429
92
52.7143
133.143
82.4286
13.4286
4.71429
64.2857
5.71429
85
105.571
107.143
114.571
7.14286
78.2857
25.7143
124.857
21.2857
48.5714
51.8571
69.7143
141.286
94.1429
73.5714
128.143
7.14286
16.5714
74.8571
70.2857
77.4286
88.2857
92.5714
129.571
36.4286
13.4286
100.857
67.2857
22.4286
113
3.28571
69.2857
125.857
64.7143
10.8571
8
11.8571
110.143
60.5714
57.7143
64
109.143
101.429
6
53.4286
73.2857
0.428571
70.2857
145.429
138.286
121.143
60
37.2857
81.2857
102.571
124
24
88
90.8571
72.8571
7.42857
2.71429
135.286
9
42.2857
141.857
104.857
14.8571
77
120
16.7143
45
101.286
15.2857
2.28571
93.4286
104.571
105.571
85.4286
34.8571
85
9.14286
10.1429
46.1429
44
72.1429
105.714
67.4286
48.7143
123.857
135.714
16.4286
97
15.7143
23.8571
75.8571
78.8571
124.714
77.8571
138.857
129.143
101.286
133.714
126.857
25.2857
98.5714
101.429
142.857
14.7143
124.286
50.7143
24.4286
111
42.2857
38
72.5714
64.2857
98.5714
80.2857
62.5714
46.8571
62.1429
27.8571
23.1429
33
124.857
25.7143
5.71429
103
50
110.571
24.2857
14.7143
117.714
123
134.857
91.4286
33.5714
94.1429
26.8571
9.57143
0.714286
14.2857
108.429
116.857
21.7143
0
107.143
117.143
109.286
74.7143
113.857
7.71429
43.4286
92.2857
28.7143
90
76.5714
138.714
59
57.7143
2.71429
33.4286
109.286
76.7143
20.8571
82.5714
136.143
40.8571
5.42857
34.4286
137.286
97.5714
107
4.71429
133.571
99.2857
63.2857
36.4286
51.7143
13.7143
137
71.4286
17.5714
9.42857
0
130.429
144.714
10
8.85714
139.143
117.857
112.143
5.85714
22.5714
47.2857
28.7143
20.8571
21.2857
100
138.143
128
65.5714
63
74
17.1429
122
31.5714
107.286
83.5714
84.7143
20.8571
70.4286
144.143
119.429
89
55.2857
76.4286
19.5714
9.14286
77
107.571
20
145.429
67.2857
7.28571
59.7143
130.286
76.7143
111
27.7143
79.5714
115.286
138.143
86.5714
45
89.1429
116.857
115.571
93.7143
114.857
70.5714
1.14286
53.2857
107.571
3.71429
50
124.571
72.4286
59
142
49.2857
28.1429
57.4286
5.71429
32.8571
83.2857
25.1429
27.7143
144.429
66.7143
67
115.286
62.2857
95.2857
21.5714
98.8571
115.714
75.8571
113
85.1429
91.4286
52
77.8571
11.5714
126.571
139.857
121.857
58.2857
133.286
54.7143
101.286
90.8571
26.8571
129.143
48.8571
76.2857
36
103.143
11.8571
41.1429
102.143
58.2857
28.1429
75.4286
88
102.714
91.5714
5.57143
77.1429
51.5714
94.2857
59.5714
31.7143
25.2857
84.1429
123.571
137.429
124.429
82.8571
122.286
66.5714
84.8571
122
102.286
80.8571
144.714
64.1429
20.7143
37.2857
12.4286
137.143
6
78.1429
44.2857
54.1429
72.7143
144.143
109.714
32
96.7143
94.4286
100.286
77.8571
5.71429
121.143
102.143
10.8571
109.286
49.7143
89.8571
142.286
144.429
80.1429
5.85714
128.857
53.4286
128.571
38.5714
142.714
121
141.286
33
41.8571
31.8571
89.7143
92.8571
0.857143
44.4286
142.143
7.85714
23.1429
120
134
79
139.143
99
69.5714
114.571
129.143
141.714
57.8571
144.286
31.1429
107
125.714
42.5714
63.1429
47.2857
11.4286
9.85714
124.714
15.7143
107
46.1429
50.8571
6.71429
60.2857
41.4286
83.1429
8.71429
50.8571
48.7143
37.2857
86
63.8571
67.1429
7.42857
4.14286
101.429
116.143
58.4286
130
134.429
10
8.71429
58.8571
61.1429
55.7143
51.5714
102.857
86.1429
27.2857
45.2857
123.857
20.2857
145.286
116.857
58.4286
144.143
109.571
133.714
50.1429
79.8571
119.143
104
39.7143
133.857
86.7143
54.7143
47.4286
63.8571
90
74.7143
95.7143
30.4286
92.1429
85.7143
119.714
135.571
110.286
44.2857
21.7143
43.1429
138.714
32.8571
88.5714
80
47.1429
102.571
65.7143
137
134.143
93.5714
39.7143
55.7143
45.1429
49
115.857
70.4286
61.4286
143.571
40.4286
21.2857
94.1429
94.4286
113.571
11
117.571
95.8571
54.5714
60.8571
67.1429
26.4286
124.286
101.857
15.2857
140.857
49.4286
88.1429
0.714286
111.286
10.1429
37.4286
37.4286
83.5714
57.4286
32.4286
6.71429
57.1429
79.8571
128.143
4.14286
78.4286
25.4286
127.714
111.857
92
35.2857
110.857
43.4286
54.2857
125.143
85.8571
137.286
85.7143
61.2857
89.8571
7.57143
44.5714
75.5714
92.4286
15.7143
10.1429
76.7143
75.7143
105.286
35.1429
121
138.857
108.571
96.1429
66.2857
32.8571
3.42857
0.857143
93.1429
12.2857
41.1429
134.714
91.1429
18.7143
44.8571
69.2857
96.2857
68.5714
31
74.2857
6.85714
75.7143
87.8571
85.7143
9
41.1429
43.7143
40.2857
87.1429
113.429
108.286
78.5714
26.4286
131.286
110
53.7143
143.143
25.7143
62.7143
4.14286
130.286
112.857
20.2857
54.8571
133.429
61.8571
74.2857
23.2857
92.5714
102.857
114.714
65.8571
59.8571
56.2857
3
90.7143
74.4286
119.571
98.5714
77.8571
75.4286
83.2857
30.4286
145.286
79.8571
134.143
101.857
43.5714
138.143
2
119.714
101
108.714
54.2857
103.429
57.2857
103.286
66.7143
18.1429
15.5714
11.7143
55.5714
103.286
72.8571
88
86.2857
18.5714
117.571
118.286
1.57143
132.429
80
28
139.571
86.4286
81.8571
82
63.7143
136.286
113.714
119.143
47.1429
36
83
48
137
122.286
125.143
146.286
81.2857
118
84
124.286
25.1429
61
9.28571
53
7.14286
40.8571
130
58.7143
9.28571
7.85714
51.2857
111.429
68.7143
127.143
89.4286
32.2857
35.2857
15.8571
67.1429
69.1429
38.2857
42.1429
104.857
65.8571
132.286
139.571
29
48.2857
73.5714
113.429
35.1429
44.4286
15.5714
137.571
33.7143
115.286
24.5714
38.4286
34.7143
44.4286
105
120.714
94.7143
10
25.1429
61.1429
24.2857
24.2857
107.143
90.2857
106.857
47.7143
83.4286
146.143
113.286
35.5714
47.4286
129.429
35.2857
105.286
87.1429
99.5714
43.8571
47.4286
125.571
113.857
73.8571
80.8571
135.571
50.4286
102.286
140
34.2857
36.2857
83.1429
64.4286
88.1429
32.1429
96.5714
80.2857
115.429
11.4286
40.5714
46.4286
50.8571
143.857
103.429
70.5714
89
145.286
65.4286
103.571
94.7143
113.714
72.5714
26.5714
75.4286
134.429
132.714
119.714
101.857
67.8571
88.4286
45.2857
43.2857
4
109.857
82.5714
119
108.429
11
133.714
109.143
119.143
57.5714
115.714
57.5714
38.8571
35.4286
53.5714
113
33
98
55.1429
135.429
94.8571
140.429
115.143
100.714
135.857
137.714
37.7143
67
120.857
112.571
131.571
28.5714
37.7143
56.4286
121.429
54.8571
122.714
119.857
46.8571
61.8571
74.5714
125.857
101
104.714
56.7143
55.1429
88.2857
46.5714
129.857
40.5714
25.4286
35.2857
85
68.1429
69.2857
77.7143
107.429
92.1429
146.286
85.7143
40.7143
67.8571
94.7143
89.7143
89.4286
3.28571
139.714
41.7143
6.14286
132.857
63.8571
36.4286
80.7143
132.571
70.4286
16.2857
68.7143
96
71.1429
29.8571
130.571
41
22.5714
135.429
37.4286
30.1429
4.14286
81.8571
123
74.7143
109.714
3.71429
17.1429
91.8571
3.14286
123.143
21.7143
129
29.7143
20.5714
31
104.714
47.4286
10.4286
77.5714
50.4286
140
99.8571
7.57143
33.1429
97.1429
140.714
93.2857
134.714
133.857
106.143
117.429
126.429
128.429
144.714
43.2857
83.8571
93.2857
27
27.8571
73.2857
6.28571
87
84.1429
83.5714
61.4286
141.857
118.857
37.4286
86.1429
33.4286
117.286
64
89.5714
24.1429
32.5714
93.1429
53.1429
75.7143
143.143
30.5714
61.1429
142.571
140.429
97.2857
118.143
49
84.2857
51.5714
40
1.28571
116.714
145.143
21.5714
14.7143
130.143
37
127
49.8571
120.857
0
47.1429
87.7143
11.5714
136.571
44.1429
101.143
76.5714
0.285714
48.1429
59
40.8571
61.2857
34
70.4286
130.429
46.2857
31.1429
119.286
102.286
127.571
129.143
132.286
110
54.1429
37.7143
15.4286
125.714
83
48
40.7143
91.7143
122.429
14.2857
76.2857
91.7143
9.28571
71.5714
141.571
143.286
127.286
110.857
79.7143
57.4286
87
55.8571
70.8571
45
144.286
133.714
138.143
20.1429
88.5714
15.2857
120
56
70.5714
137.429
118.143
79.5714
93.5714
5
51.7143
24.4286
43.2857
1.28571
132.286
32.1429
98
8.85714
17.8571
28.2857
43.2857
52.5714
78.8571
114.143
143
59.1429
125.571
58.5714
64.8571
35.2857
128.143
129
97.5714
10.1429
23
69.7143
96.8571
12
1.57143
81.4286
12.1429
130.714
82
138
39.7143
105.857
12
8.85714
2.14286
56.4286
122.143
32.7143
138.571
62.4286
40.5714
33.7143
84.2857
46.8571
122.571
124
120.571
6.57143
31.8571
72.7143
68.4286
71
118.143
52.7143
110.429
32.1429
134.286
7.57143
17.2857
6.14286
77.7143
123.571
37.8571
39.4286
128.571
135.143
115.143
60.7143
47.7143
103.143
120.286
89
38.5714
25.2857
102.286
102.714
39
118.857
127.143
105.429
14.1429
137.571
4.42857
69.8571
43
129
9
40.1429
39.5714
93.7143
47.2857
47.7143
37.8571
49.4286
26.7143
37.2857
105
10.7143
49.4286
80.1429
35.4286
83.2857
72
23.7143
75.4286
72
38
74.5714
64.8571
5
117.714
7.85714
12.5714
104.714
139.714
105.857
65.1429
45.1429
58.2857
105
43.5714
74.4286
130
10.4286
46
50.4286
74.5714
112.857
61.4286
32.5714
57
98.1429
108.857
70.5714
16.1429
117.286
74
72
105.857
45.4286
17.2857
99
40.4286
64.5714
50.1429
128.143
28.8571
55.4286
101.429
66.7143
23.4286
82.5714
109.143
25.2857
61.8571
146
105.714
43.8571
32.7143
66.2857
51.4286
101.857
29.4286
36.2857
74.2857
73.1429
32.1429
105.714
27.5714
17.2857
128.571
28
95.4286
60.8571
79.8571
93.2857
64.8571
121.143
48.1429
13.2857
3
100
19.2857
41.7143
114.429
124.714
17.2857
62.8571
7.85714
22.5714
102.571
48.5714
57.5714
26.2857
90.2857
19.7143
110.571
14.8571
128.571
97.8571
14.2857
107.857
27.5714
87.2857
116.286
65.4286
42.4286
14.7143
74.7143
91.4286
44.7143
144.429
121.286
109
94.2857
112.857
35.4286
18.2857
76.5714
17.1429
53.1429
45.8571
144.571
6.57143
129
136.571
117.714
107.143
10.5714
64.2857
105.571
127
27.8571
34.2857
74.2857
93.8571
128.143
74.7143
103.143
95
27.1429
112.857
97.4286
117.571
1
141.857
79.7143
81.2857
47.8571
21.5714
120.571
52.2857
28
115.714
71.5714
104.571
101.714
107.714
84.2857
144.429
104.286
7.57143
109.429
0
137.286
138
38.7143
117.571
98.8571
107.857
77.7143
80.7143
77.2857
42
62.8571
88.7143
2.71429
34.4286
19.7143
91.4286
114
77.4286
106.429
136.286
82.1429
135.714
23.1429
124.857
29.5714
119.429
28.2857
44.4286
46.7143
4.28571
90.8571
47.7143
52.1429
118.571
46
24.2857
72.1429
117.571
136.714
105.714
21.4286
94
15
19.5714
105.857
118.571
42.7143
60.8571
126
62.4286
43.5714
23.8571
2
107.857
72.4286
94.4286
41.4286
139.571
68.4286
82.8571
8.14286
124.429
54.1429
81.4286
139.143
15.8571
13
25.5714
25.1429
141.429
95.8571
71.8571
28.5714
125.857
108.286
75.1429
94.4286
69.7143
41.8571
134
32.5714
65.8571
30.4286
113.429
102
96.2857
61.7143
93.1429
35.5714
55.1429
87.8571
30.4286
87.2857
106.143
83.5714
139
98.8571
119.429
59.8571
138.571
138.714
127.857
129.857
108.429
41.5714
64.8571
118.857
52.4286
94
82.7143
145.571
82
22.7143
96.7143
90.2857
8.57143
8.57143
84.2857
54.7143
138.571
140.571
122
58.5714
12.2857
19.7143
10.7143
54.4286
22.7143
4.85714
39.2857
108.143
144.571
97.2857
105
45.7143
108.429
73.8571
50.8571
54.5714
134.857
21.7143
139.429
105.429
58.7143
59
111.714
15
126.143
26.7143
145
49.1429
17.7143
117.571
85.8571
9.85714
100.857
50.8571
1.85714
37.4286
63.7143
1.71429
46.4286
140.429
46.8571
86.2857
25.7143
22.8571
54.4286
68
20.7143
136
114.571
12.1429
128.286
49.7143
114.286
24.4286
129
125.143
60.5714
84.8571
120.571
109.286
41.4286
95.7143
60.2857
74.5714
128.571
53
17.1429
54.7143
73
7.57143
62
69.4286
70.7143
78.2857
64.8571
23.4286
4.28571
37.4286
114.571
73.2857
19.5714
133.286
26.4286
13.4286
118.857
36.8571
96.1429
80.1429
68.2857
53.7143
69.7143
81.5714
10.1429
123.571
74.4286
126
7.57143
134.571
69.1429
43.8571
84
24.7143
50.5714
15.1429
77.5714
116.857
33.4286
62.2857
68.4286
80.7143
113.143
86.7143
90.4286
71.2857
29
129.571
127
120.857
17.8571
40.4286
50.5714
7.57143
141.286
39.1429
79
33.1429
95.8571
136.714
19
21.7143
86.2857
9
50.1429
127.143
79.7143
45.4286
141.857
23.7143
110.571
110.857
16.5714
64.4286
24
33.4286
62.4286
36.2857
104.143
7.85714
141.714
97
1.28571
100.143
122
101.286
96.8571
117.143
48.7143
33.5714
16.4286
3.28571
79.2857
106.286
86.1429
42.8571
13.7143
19.7143
127.429
139
124.571
135.143
89.1429
51.1429
110.571
68.8571
53.7143
133.286
25.1429
30
7.28571
55.7143
75.7143
136.286
56
135.571
32.7143
120.857
71.1429
86.5714
65.2857
93.5714
92
123.571
25.7143
123.571
143.143
8.14286
74.5714
60.2857
106.143
70.2857
100.429
135.571
6.71429
124.714
115.143
121.429
68
101.714
1.85714
97.7143
4.14286
29
87.4286
68.7143
133.857
94.7143
43.7143
78.8571
142
87.1429
80
125
63.2857
101.429
63.2857
25.8571
124
130.429
119.571
104.571
140.286
102
77.4286
68.7143
113.286
76.1429
145.857
17.7143
140.429
7.57143
96.1429
90.4286
138.571
56.2857
85.4286
64.8571
102.286
142.429
42.5714
49.8571
141.714
45.2857
110.857
106.143
49
50.7143
33.4286
130.143
112.429
143.571
102
84.4286
137.286
8.57143
129.143
48.8571
135.429
0.428571
113.571
64.7143
113.857
10
29
75.8571
95
30.8571
72
92.1429
50.2857
84.5714
1.85714
42
139
100.714
91.4286
90.1429
73.2857
10.1429
141.571
91.1429
121.286
118.143
68.8571
131
84.4286
61.4286
117.714
110.571
35
81.5714
143.286
53.7143
71.2857
31.7143
55.2857
24.1429
59.4286
85.4286
107
37.7143
5.42857
85.7143
115.857
134.429
131
15.2857
30.1429
50.8571
113.286
89.2857
87.1429
88.4286
78.7143
67.2857
115.286
33.8571
31.1429
31.2857
126.143
89.1429
128.714
131.143
136.857
7.57143
15.5714
71.4286
37.8571
17.1429
13.4286
104.286
55.4286
1.42857
57.1429
94
50.4286
46.5714
21.5714
89
25
55.4286
46.7143
33.8571
66.2857
74.2857
144.429
88.4286
119.143
74.7143
111.143
47.1429
2.28571
28
81
26.4286
63.1429
15
11.4286
61.4286
84.7143
33.7143
1
78.5714
123.571
30.5714
68.1429
127.714
146.286
146.143
110.286
92.7143
89.4286
72.7143
138.571
108.714
75.8571
67.7143
109
30.2857
61
39.1429
85.5714
12.2857
127
37.4286
62.2857
22.5714
135.714
90
66.1429
4.42857
68.5714
137.429
132.286
52.2857
11.7143
78.4286
141.286
134.714
78.7143
6.42857
16.8571
10.4286
10.2857
10.1429
134.571
55.2857
19.4286
21.4286
127.286
136.714
98
66.8571
74.2857
70.1429
55.1429
23.4286
29.7143
143.429
30.5714
28.4286
98
130.429
83.1429
23.5714
20.8571
3.28571
81.5714
32.5714
143.857
142.286
32.5714
141
13.2857
71
107.286
142.857
134.714
133.714
35.5714
114.429
141.286
123.714
59.5714
85.4286
3.28571
123.286
25.7143
91.4286
7.28571
58.2857
79.8571
145.857
119.286
140.143
5.71429
53.2857
78.8571
117.143
47.4286
6.28571
18.8571
89
117.857
123.429
35.5714
111.857
11.8571
81
39.8571
89.8571
41.2857
143.857
3.85714
66.2857
111.857
92.4286
129.714
13
28.1429
1.14286
103
88.8571
138
87.7143
43.2857
112.571
85.8571
58.8571
57.4286
78.8571
110.571
28.5714
86.4286
7.57143
98.4286
28.1429
67
50.5714
39.2857
104.429
101.429
38
10.8571
142.571
96
137.143
75.5714
11
77.4286
86.4286
4
13.8571
48.2857
46.2857
89.1429
18.4286
28.8571
41.4286
40.5714
108.429
84.7143
92.5714
127.143
62.1429
138.571
128.714
70.5714
14.2857
20.7143
31.2857
131.857
111
64.7143
16.4286
16.4286
62.8571
129
118.714
130.429
136.143
126.429
38.2857
98.7143
26.2857
88.7143
105.429
71.4286
22.2857
140.143
19
128.714
48.4286
44.4286
126.571
15
145.143
47.1429
36.7143
91.2857
9.85714
44.8571
118.143
5.57143
78.8571
34.4286
134.714
37.2857
70.4286
53.4286
28.7143
78.5714
93.2857
28.8571
68.7143
102.571
11.4286
106
72.7143
119.714
122.143
92.2857
34.8571
67
75
69.8571
74.1429
74
84.7143
47.8571
113.571
119.286
32
48
15.7143
46.7143
75.4286
62.7143
138.714
140.857
113.286
6.14286
92.8571
104.286
31.5714
64.8571
19.2857
19
12.7143
57.5714
137.286
83.8571
114.143
105.429
21
100.857
43.7143
53.1429
72.7143
66.2857
79
26.1429
98.8571
51.4286
4.42857
27.2857
81
122.143
65.1429
94.2857
0.285714
13.5714
91
84.5714
31.4286
28.2857
19.8571
0.142857
95
68.7143
140
118.286
96.2857
145.143
7.28571
26.4286
136.286
116.286
4.14286
114.286
15.7143
141
67.8571
57.8571
73
2
85.8571
42.1429
18.7143
27.7143
110.571
34.4286
51.1429
6.42857
80.4286
146
84
21.2857
65.5714
105.286
127.714
117.714
11.4286
85.5714
134
144.429
46.1429
80.7143
6.14286
56.2857
104.714
8.42857
27
73.8571
98.2857
23.8571
68.1429
14.4286
62.8571
85.5714
34.8571
60.7143
38.7143
125.571
103.429
112.286
113.714
123.429
103.714
40.8571
72.8571
137.286
34.2857
89
25
1.28571
52.5714
125.714
97.8571
119.714
68.2857
86.2857
102.571
1.28571
4.14286
9
128.857
13.4286
27.2857
61.1429
85.1429
79
122.571
21.4286
49.7143
126.429
62.7143
97.1429
2
29.4286
32.8571
125.143
58.1429
87.8571
86.1429
141.714
78
106.429
40.4286
67
105
66.4286
118
21.7143
141.143
141.286
75.7143
11
46.2857
49.4286
120
25.4286
90
6.71429
61.7143
69.8571
126.143
137.429
20.4286
90.4286
61.5714
94.5714
35
76.5714
90.5714
10.8571
58
57.2857
1.28571
136.714
41.7143
26.1429
81.1429
79.1429
6.85714
18
137.571
99.2857
139.571
77.7143
110.857
70
138.429
39.4286
90.1429
87.8571
134.429
1.85714
28.8571
55.1429
37.8571
9.42857
93.8571
38.7143
43.7143
92.5714
12.5714
26.2857
65.8571
131.714
131.286
40.4286
94
118.286
124.429
71.8571
102.286
37.1429
71
79
26.7143
126.857
63
98.4286
119.286
128.714
8.85714
13.1429
120.286
123.286
28.7143
130.429
68.8571
130
131.857
83
71.8571
113.286
48.7143
50.8571
30.8571
4.71429
138.286
1.14286
8.57143
108.714
93
56.4286
114.286
93
9.42857
44.4286
69.2857
18.8571
144.857
81.8571
1.28571
114.571
5.57143
144.286
8.28571
84.2857
32.8571
109
10.2857
76.2857
118.714
93.8571
61.5714
30.2857
41.5714
67.4286
82.5714
123.286
75.4286
118.571
102
116.714
84.8571
97.4286
121.286
143
87.4286
48.5714
107.857
106.429
110.571
29.4286
90.8571
54
17
34.2857
8.71429
44.2857
14.7143
104.571
118.143
124.429
87.4286
4.14286
12.5714
102.857
78.4286
120.714
133
122.571
47.8571
123.286
48.7143
45
113.714
51.4286
117.429
59
80.2857
59.4286
40
94.7143
69.4286
44.2857
56.8571
42.8571
47
35.7143
119.143
83
37
0
133.286
40.5714
127.857
124.143
26.7143
62.7143
1.85714
60.4286
19
14.8571
112.857
119.571
9.57143
17.7143
121.857
143.286
44.1429
81.8571
113.429
120.857
136.286
52.2857
45.4286
140
59.4286
138.429
28.1429
136.429
110.857
76.4286
73.5714
64.7143
37.2857
105.286
130.714
93.8571
103.714
18.5714
27
82.7143
87.4286
11.7143
87.5714
130.571
102.429
92.8571
127.857
73.7143
41.7143
97.8571
108.571
68.5714
143
123.571
10.8571
117.714
46.4286
11.1429
110.286
121.429
132.571
108.857
31.1429
30.4286
6.14286
93.5714
44.1429
63.5714
34.8571
145.714
6.14286
14.7143
33
125.571
15.7143
114.143
58.5714
97.2857
74
67.5714
42
49.8571
49.1429
83.4286
42.5714
79.7143
136.286
132.857
40.7143
134.429
88.8571
116.286
88
51.7143
39
10.8571
2.42857
126.286
33.4286
126.143
134.714
113.571
17
70.2857
60.7143
0.571429
11.2857
103
128.286
75.2857
115.714
123.429
48.5714
108
145.143
5.71429
30.1429
70
96.2857
0.285714
127.286
45.8571
118.429
42.8571
125.857
140.286
146.143
44.5714
69.5714
124.714
56
129.714
39.5714
106.714
48.5714
76.7143
2.71429
70.4286
123
41
47.4286
9.14286
63
17.1429
135.286
78.1429
101.143
16.5714
78.4286
7.57143
75
17.4286
50.2857
77.2857
126.857
40.4286
26.5714
86
42.1429
94.5714
33.5714
72.1429
135
25.4286
59.4286
69.1429
32.7143
97.1429
73.1429
125.286
25.7143
107.286
66.2857
94.1429
71.1429
45
12.4286
125.286
113.286
88.7143
89.8571
45.5714
26.1429
140.857
36.2857
50
122.286
26.5714
62.1429
124
73.7143
52.4286
69.8571
23
81.7143
110
132.143
43.2857
109.286
109.571
94.8571
26.7143
60.4286
113
71.8571
24.4286
83
138.714
55.7143
55.5714
32.2857
128.714
41.8571
97.4286
134.429
86.7143
117.571
3
37.4286
131.143
22.2857
130.429
72.5714
23
0
120.571
65.8571
23.1429
120
138.143
59.1429
17
140.286
142
49.1429
86.4286
16.8571
128
111.857
3.85714
108.571
38.8571
68.4286
104.857
125.143
19.2857
74.1429
104.714
81.8571
59.2857
31.4286
134.429
37.1429
43
87.4286
49.1429
8.71429
126.286
35.4286
75.4286
115.714
85
26.7143
99.7143
37
30.4286
35
122.286
81
103.429
109.571
144.143
107.429
22.5714
54
65.2857
28.8571
17.1429
20.4286
48.1429
111.857
102.429
36.8571
29.1429
24.5714
16.8571
101
93.8571
72.8571
27.8571
18.7143
48.4286
119
139
81
118.714
145.143
77.2857
132.714
102.429
66.4286
136.857
85.1429
132.286
55.4286
39.8571
57.2857
125
80.7143
93.2857
73.4286
29.4286
0.142857
109.429
57
16.4286
128.429
141
25.2857
44.2857
70.8571
30.8571
110
97.1429
72.1429
40.7143
82.8571
61.1429
146.286
130.571
97.4286
135.286
10.7143
64.4286
136.714
38
22.2857
24.2857
66.2857
44.1429
125.714
28.4286
138.571
57.7143
53.4286
119
24.8571
93.8571
119.857
144.857
126.286
14.2857
126
118.143
53.8571
21.4286
143.429
36.1429
87.5714
122.857
99
127
39.4286
93.7143
18
81.1429
117.714
5.57143
24.5714
17.5714
144.714
83.5714
52.4286
99.5714
18.4286
75.5714
91
98.7143
103.714
32.4286
1.42857
99.1429
18.5714
38
121.286
65.1429
86.4286
118.286
110.714
17.1429
102.286
140.429
141.571
61
6.28571
81.4286
116.714
23.1429
130.714
118.143
122.429
100.571
134.143
145.286
140
91.7143
39.1429
106.143
117.857
92.2857
70.8571
117.714
120.429
40
124
82.4286
28.8571
1.42857
80.4286
27.2857
138
92.1429
50
21
30.8571
25
117.429
131.286
113.714
85.7143
52.1429
67.4286
26.4286
7.85714
98
51.2857
135.714
144.857
26.2857
87.5714
86.1429
62.8571
80.7143
120.571
44.5714
33.2857
52
30.5714
33.7143
127.714
6.85714
58.8571
20.8571
143.857
83.8571
44.8571
52
17.5714
123.714
45.4286
41.7143
90.8571
94.8571
78.2857
121.714
136.286
24.7143
5.28571
16.7143
39.1429
8.71429
51.8571
23.5714
54
70.7143
24.8571
117.143
101.571
83.1429
0.571429
98.8571
143.571
17.2857
141.429
60.8571
129.857
113
115
107.714
113.286
143.857
2.85714
9.85714
101.429
6.42857
16.1429
100.143
55.5714
115
108.571
124.571
47.2857
86.5714
84
10.4286
37.7143
48.4286
50.1429
47.4286
45.2857
115.143
26.5714
125.571
112.429
77.8571
136.714
53.5714
78.8571
3
67.7143
39.4286
31.5714
66
94
32.7143
90.4286
4.42857
87.7143
44.8571
25
73.1429
130.143
2.14286
114.429
13.8571
50.7143
79
53
98
42.4286
54.8571
15.1429
126
75.7143
63.4286
13
61.5714
133.286
3.28571
104.571
106.286
112.429
52.2857
139.429
13.8571
67.7143
81.5714
106.857
125.286
3
105.429
54.2857
109.143
33.7143
119.286
69.2857
42
46.5714
30.4286
72.4286
67.1429
56.8571
123.714
104.429
32.1429
26.4286
115.429
50.2857
71.5714
143.571
144.857
89.2857
132.714
76.2857
129
142.857
30.8571
14.4286
38.7143
123.714
142
133
67.7143
95.5714
60.2857
18.8571
27.7143
145.286
53.2857
98.5714
29.8571
125.429
48.7143
90.4286
24.8571
33.8571
100
1.57143
93.8571
70.7143
127.143
91.8571
52
137
14
17.8571
35.5714
134.429
80.7143
113.286
145.286
62.1429
86.7143
37.1429
71.8571
35.2857
136.429
53.5714
69.1429
29
14.7143
145
24.7143
51.7143
41.5714
56.2857
53.5714
38.4286
90.2857
34.8571
37.1429
132.571
34.4286
146.286
101.857
134.857
27.4286
57.2857
43.1429
108.286
78.7143
24.2857
0
23
43.7143
77.2857
50.1429
109.143
28.2857
35.2857
60.7143
91.4286
106.714
58
29.1429
23
133.714
102.714
122.857
127
127.429
89.4286
54.7143
73.1429
118.857
88.7143
14.4286
40.5714
109.429
115.571
68.8571
143.143
121
73.2857
141.286
73.8571
26.8571
109.857
14.8571
43.2857
101.429
87.8571
60.5714
33
140.429
73
146
6.85714
31.7143
142.571
83.7143
95.5714
118.571
52.2857
48.1429
102.143
35.8571
78.2857
20.2857
38.7143
107.143
24.4286
100
96
113.857
57.7143
12.1429
36.8571
133.857
66.8571
26.4286
87.2857
51
108.857
36.8571
73.7143
8.14286
66.7143
101.571
60.5714
116.143
13.1429
9.57143
104
50.8571
37.2857
121.857
56.4286
97.1429
52.8571
127.857
82.2857
93.8571
130.714
39.8571
50.2857
34.7143
14.7143
14.1429
116
85.5714
93.2857
101.286
118.571
78.1429
75.4286
43.1429
55.4286
111.286
132.714
131.143
142.714
93.5714
80.2857
26.1429
94.4286
110.714
78.5714
26.7143
145.714
122.429
20.2857
133.286
58.2857
63.2857
124.429
22.1429
13.8571
59.4286
39
33.8571
134.143
108.571
111.429
12
79.8571
24.2857
27
47.2857
51.8571
39.8571
138.429
116.286
145.714
56.2857
34.7143
60.1429
84.7143
143.429
138.714
18.1429
60.5714
121.857
60
49.2857
71.1429
89.1429
54.8571
105.714
51.7143
23.8571
22
15.2857
2.42857
83.2857
120
54.1429
145.857
108.571
87.2857
112.286
51.7143
53.5714
31.4286
0
41.8571
140.714
96
104.714
8.42857
51.8571
118.857
139.714
6
57
38.5714
101.857
12.1429
22.8571
60.1429
127.143
34.4286
113.286
48.8571
142.571
133.429
99.2857
55.2857
22.5714
122.286
17.1429
2.71429
50.5714
132.857
35.5714
122.714
102.857
16.7143
9.57143
101.429
82
34.2857
102
118.857
56.7143
125.571
102.429
35.1429
15.8571
123.143
80
43.4286
3
36.4286
2.71429
15.4286
75.7143
141.571
18.5714
53.2857
53.2857
23.5714
106.429
48.1429
71.1429
0.285714
94.2857
62.2857
70.4286
42.2857
82.7143
119.143
127
91
59.2857
31.1429
109.857
25.2857
60
67.1429
17.2857
7
116.857
129.286
142.429
56.4286
37.8571
11.7143
145.429
4.28571
81.4286
50.1429
78.4286
99.1429
81
116.429
133.143
6.57143
126.429
24
76.8571
11.1429
22.7143
142.286
24.4286
59.1429
52.7143
110.857
115.857
136.571
94.8571
67.4286
123.571
56.2857
55.8571
92.2857
36
35.8571
31.2857
75.2857
7.42857
63.4286
13.1429
44.1429
110.286
80
136.857
38.2857
6.28571
145
80.7143
88.1429
65.2857
37.4286
121.571
88
51.4286
18.4286
126.714
108.714
113
88.1429
22.4286
35.2857
121.429
20.8571
41.5714
48.1429
88.1429
120
31
3.28571
138.429
145.857
49.2857
104.857
62.5714
64.7143
120.429
8.85714
98
58.8571
146.143
135.571
58.5714
13.7143
27.8571
86.7143
125.143
128.571
122.286
124.286
69.1429
0.714286
12.5714
68.1429
24
137.429
143.429
64.2857
78.2857
99.4286
14.2857
130.857
47.8571
16.5714
56.5714
88.4286
98.7143
72
99.7143
138.143
17.8571
25.2857
139.286
104.571
4.57143
67.8571
24.5714
64.7143
97
48.4286
88.4286
58.8571
18.2857
84.1429
13.5714
14.1429
71
9.57143
66
105.286
131.286
114.429
20.1429
104.143
66.4286
88.1429
124.429
73.4286
141.571
45.2857
58.2857
39.5714
36
122
93.4286
18.2857
68.1429
78.4286
62.4286
10.4286
40.2857
65.7143
12
12.5714
79
33.1429
53.2857
117.286
110.571
29.5714
29.7143
96.8571
17.4286
111.429
16.5714
111.571
142.143
121.286
129
48.8571
48
21.4286
55.2857
125.571
55.1429
40.4286
108.571
116.714
55.1429
18
140.429
134.143
85.2857
141
84.2857
32.8571
139
57.7143
84.5714
88.5714
94.2857
84.2857
37.2857
12.7143
3.42857
84.5714
47.1429
96.8571
24.7143
89.1429
3.71429
93.2857
33.5714
90.2857
87.8571
0.714286
43.4286
4.85714
76.4286
120.857
130.429
81
49.4286
131.286
7.71429
127.714
136.571
73.5714
19.1429
136.714
130.857
6.85714
30.5714
141
1.85714
57.5714
6.14286
117.143
89.2857
88.2857
97.2857
40.4286
68.5714
67.5714
111
124.143
68.5714
76.8571
58.5714
8.71429
115.143
129.143
95.2857
79.2857
85.5714
70
93.5714
123.857
80.8571
31
51.2857
40.2857
3
32.1429
3.57143
77.1429
77.4286
63.5714
8.85714
61.2857
30.5714
48
104.714
113.286
111
36.5714
56.4286
80
127.429
105
64.4286
125.429
98.2857
4.28571
114.714
65.8571
35.1429
89.7143
123
128.857
41.5714
9.85714
65.5714
49.4286
12.7143
96.7143
26.1429
143.714
35.2857
88.7143
69.7143
5.28571
146
141.714
0.285714
49.7143
2.42857
3.14286
24.2857
127.429
44.1429
62.8571
128.286
46
144
137.429
140.857
145.429
62
108
75.5714
98.8571
72.2857
57.8571
82.1429
81.2857
117.429
67
40.5714
85.7143
24.8571
116
25.5714
89.7143
26.2857
38
109.571
125.286
129.143
45.4286
93
59
86.2857
140.143
57.8571
141.571
134.714
107.714
45.7143
73.5714
89.4286
108.286
38.1429
42.7143
4.71429
123.857
82.5714
114
47.4286
22.7143
46.4286
7.14286
119.571
52.8571
86.1429
104.857
91.8571
49.5714
97.5714
100.286
70.2857
6.42857
105.714
58
33.2857
21.7143
57.8571
112.429
33
4.42857
65.4286
105.857
130
17.2857
131.857
40
43.1429
109.286
91.5714
69.5714
44
127.286
145.857
88
20
19.4286
78.7143
59
89.5714
142.571
139.143
99.2857
52
115.286
3.42857
72.2857
24.4286
35.2857
101
32
19.2857
143.429
85.5714
139.571
112
116.286
141.857
117.857
15.1429
123
95
68.4286
144.143
12
45.4286
135.143
88.1429
87.7143
71
21.4286
138
43.7143
41.1429
15.1429
97.2857
73.2857
73.1429
116.143
105.143
20.5714
94.2857
35.4286
60.2857
19
44.8571
0.571429
52.7143
24.8571
56.1429
63
120.143
48
113.429
36.5714
140.571
142.143
117.571
35.4286
29.2857
85
41.8571
4.57143
129.857
2.71429
129.286
137
6.28571
109.286
105.286
4.42857
135.286
12.5714
6
45.1429
38.8571
106.857
108.143
20.7143
21.7143
38.1429
85.5714
30.7143
53
11.8571
123.429
103.714
65.8571
144.571
100.714
48.7143
72.4286
56
45
83.1429
47.1429
39.1429
68.4286
56.1429
81.4286
71.1429
102.714
44.5714
13.7143
139.571
35.8571
63.5714
63.7143
43.7143
90.4286
16.4286
36.4286
64.2857
85.8571
123.429
4.42857
25.4286
12.4286
31.5714
14.4286
31.7143
60.7143
48.2857
55.7143
2
72.7143
118.143
65.8571
124.286
33.7143
57
118.714
32.2857
135.143
42.1429
39.5714
143.143
5.71429
8.57143
22.5714
3.14286
142.714
36.1429
20.2857
91.5714
116.429
43.4286
98.8571
74.2857
41.2857
100.429
19.1429
43.4286
24.1429
5.57143
52.5714
109.286
32.5714
37.5714
17
125.857
129
37.2857
140.571
137.571
54.4286
20.8571
121
5.57143
124.571
24.2857
24
74.4286
80.1429
38.1429
132.429
55.8571
28.5714
39.7143
106
37
101.857
90.2857
27.8571
27.2857
66.1429
95.7143
66
77
58.5714
0.428571
94.8571
1.71429
90
126.143
90
30.5714
99.4286
79.4286
95
68
58.7143
28.5714
106.286
134.143
58.5714
79.8571
17
73.2857
32.7143
125.571
141.571
31.8571
15.4286
117
59.7143
81.4286
53.2857
125.857
22.5714
101
54
71.5714
112.143
72.7143
25.5714
74.4286
122.286
135.429
113.143
90
34.4286
1.28571
12.4286
24
76.4286
120.286
30.1429
119.571
112.571
75.2857
121.714
87.5714
117.143
92.2857
113.429
102
76.4286
58.1429
74.2857
142.857
58.1429
17.5714
10.8571
121.714
121.429
8.28571
101.429
11.2857
38
95.7143
32.2857
5.28571
59.8571
4.85714
100.429
74.7143
123.714
56.1429
17.7143
50
63.2857
54.4286
71.5714
85.8571
15.2857
35.1429
66.1429
28.7143
101.429
41.4286
137.571
86
99.7143
31.7143
125
78.7143
95.7143
115.571
137.571
136.571
1.71429
60.5714
143.571
141.143
102.571
51.4286
88
32.2857
59.7143
30.8571
111.143
140.714
32.8571
60.8571
22
62.5714
31.7143
35.8571
62.8571
106.857
83
49
34.2857
140.286
8.14286
121.286
95.8571
87.7143
68.8571
64.1429
16.7143
121.429
102.857
99.2857
95.7143
11.1429
141
38.2857
85
111.714
59.7143
62.5714
45
129
81.8571
101.286
32
40.5714
2.14286
71
71.5714
27
53.7143
4.14286
75.1429
130.143
136.143
47.5714
123.857
90.4286
23
19.1429
130.714
33.1429
57
63.7143
24.1429
77.2857
97.2857
80.4286
3
13.8571
95.5714
98.8571
60.1429
137.571
90.5714
88.4286
108.571
94.4286
122.429
28.1429
126.143
145.286
103.429
75.5714
46.7143
75.7143
47.2857
91
50.2857
85.1429
139.143
98.4286
73.7143
128.429
118.286
37.1429
12.4286
132.429
105.571
84.2857
103.286
104.286
45.4286
16.2857
18.8571
63.8571
124.143
1.42857
18.2857
100.429
77.8571
16.1429
47.5714
5.57143
114
40.2857
108.429
85.7143
103.143
12
66.4286
4.57143
96.7143
23.5714
91.5714
30.8571
135.286
13
58.7143
66.8571
78.8571
17.8571
146.143
79.5714
27.2857
45.4286
25
17.4286
53.2857
73.5714
42.5714
142.857
77.1429
64.5714
21.1429
106.429
37.7143
67
51.4286
46.8571
13.7143
82.2857
31.7143
145
85.8571
49.7143
71
143.571
64.5714
56
95.5714
116.714
0.428571
80.8571
104.857
12.8571
65.5714
63.5714
97
41.7143
99
132.857
112.857
88.5714
89.5714
145.143
19
0.428571
49.5714
84
35.4286
63.7143
140.714
62.4286
132.857
3.85714
79.2857
49.4286
115.857
85.1429
65.8571
36.2857
130.286
12.7143
89.4286
90.4286
27.5714
48.1429
132.143
8.42857
40.2857
104.286
127.571
101.143
66.2857
26.5714
26.7143
3.71429
70.4286
35
106.429
103.857
2.57143
27.2857
38.4286
95.5714
60.2857
19.2857
125.143
131
103.857
131.286
82
18.5714
86.1429
146.286
36.5714
99.2857
34.1429
108.286
105
54
15.5714
97.8571
62.4286
117.857
118.286
111.714
13
37.4286
1.28571
51.5714
71.8571
55
103.143
33.2857
78.1429
70.5714
32.5714
132.714
40.2857
25.5714
6.42857
33
126.571
1.28571
108.286
101.571
51.8571
80.5714
31.2857
35.2857
97.7143
143.143
121.143
136.429
71.8571
95.7143
119.857
2.85714
97.7143
138.429
138.571
113.286
58.5714
106.143
128.286
119.429
106.714
126.429
19
41
10.2857
129.714
131.143
61
146.286
67.2857
137.429
114.714
123.286
69
133.714
49.1429
143.857
1.42857
83.1429
121.857
79.2857
41.4286
135
143.429
126
123.286
15
52.5714
85.5714
43.1429
100.571
101.571
51.2857
28
87.4286
129.571
17
28
142.714
117.857
4.28571
54.7143
21.5714
71.7143
21.8571
55.4286
106.429
1.14286
59.7143
6.28571
141.714
16.8571
97.2857
0.571429
10.5714
41.1429
137.857
29.8571
108.286
84
105.286
7.57143
99.1429
4
56.5714
42.2857
74.4286
99.5714
99.4286
121.571
78.8571
39.5714
95.8571
51
127.571
62.2857
28.2857
74.7143
55.1429
106.571
25.1429
43.2857
31.8571
11.7143
58.5714
112.286
107.857
144.143
124.857
119
89.1429
44.2857
146.143
105.857
132.571
86.5714
45
80.8571
34
39
83.5714
136.714
39.1429
16.5714
137.286
54.7143
28.2857
114.429
55.1429
99.5714
46.8571
65.8571
2.85714
50.8571
126.571
74.1429
108.571
14.7143
127.286
106.286
131.857
126.714
0.285714
138.429
14.2857
35
143.143
85.1429
14.7143
131.571
91.2857
88.8571
8.57143
31.1429
56.7143
36
66.2857
135
76.7143
29.2857
90.5714
32
45.4286
94.4286
21.8571
42.7143
19
96.5714
47.1429
131.143
128
83
136.429
20.4286
93.1429
57.4286
21.4286
39.4286
139.286
104
39.1429
92.5714
21
39
139.857
121.286
84.5714
137.429
47.8571
6.28571
6.28571
118.714
60.8571
137.714
103.714
43.4286
49.1429
121.714
96
51
19.7143
86
112.286
16.7143
50.5714
136
113.571
15
129.286
113.286
72.5714
30.1429
116.714
97.4286
99
44.2857
86.5714
80.8571
5
15.1429
37.8571
21.7143
14.4286
51.4286
87
21.2857
44.2857
123.714
114.143
4.28571
78.8571
127.714
114.143
18.4286
144.429
66.8571
3.28571
129.857
42.7143
145.857
59.7143
57.1429
79.4286
118.857
18.8571
62.8571
86.5714
32.1429
109.286
75.2857
68.1429
6
36.4286
46.8571
118
134.286
99.5714
99.2857
71
40.1429
37.1429
72.4286
65.8571
143.429
32.5714
134.286
75.4286
25.1429
34.7143
53.7143
47.4286
55.5714
71.5714
20.5714
111.143
105.857
41
104.571
113.143
10.7143
96.1429
62.4286
19.1429
88.2857
137.286
4.57143
93.4286
22.5714
77.7143
122.714
6
12.8571
3
65.4286
75.7143
141.286
13.5714
137.857
106.714
60.2857
136.143
8
109
34.4286
28.4286
92.4286
34.7143
100.143
115.143
134.286
91
54.2857
33.4286
61.1429
99.2857
22
65.4286
39.2857
95.1429
36.7143
75.8571
59.8571
48.8571
34.8571
107.143
63.5714
56.1429
84.8571
61.1429
93.4286
94
105.571
64.1429
35.5714
105.857
145.429
38.4286
134.571
75.8571
130.429
83.5714
144
7.71429
24.1429
97.5714
38
48.7143
73.5714
65.4286
78.8571
50.5714
124.714
100.286
110
17
28.7143
103.571
89.2857
30.1429
21.7143
107.571
131
101.429
37.2857
94
94.5714
19.2857
74.4286
125
79.8571
101.143
8.14286
20
27.5714
68.2857
141
123.857
12.2857
113.429
8.14286
137.286
130.429
109.143
17
58.8571
99.7143
123.857
129.429
88
85.8571
91.7143
62
10
34.8571
126.571
81.1429
123.714
81.5714
20.8571
31.2857
90.1429
87.1429
52.8571
64.2857
73.4286
69.5714
100.143
120
4.71429
92.4286
38.2857
91.5714
91
116.857
52.1429
109.714
82
72.7143
31.2857
122.143
107.571
80.7143
117.714
111.571
3.14286
77.4286
87
99.7143
145.286
101.286
87
8.42857
117.286
80.7143
81.2857
105.286
10.8571
35.8571
24.7143
39.8571
5.85714
4.71429
69.2857
75.4286
77.1429
31.8571
24.5714
124.571
95.5714
143.571
98.8571
0.285714
115.857
7.14286
46.4286
124.429
90.5714
34.1429
117.714
49
56.4286
50.1429
100.857
46.5714
3.42857
91.4286
137.857
18.4286
132.714
41.7143
117.857
50.2857
15.1429
4
83.7143
97.7143
47.4286
109.571
114.143
13.7143
74.1429
68.1429
139.714
129.857
4.42857
35
56.7143
2.14286
58.4286
44.2857
140.857
75.1429
128.286
28.5714
39.1429
9.85714
65.1429
42.8571
75.7143
58.7143
68.1429
3.85714
140.714
83.7143
14.4286
114.143
48.5714
51.5714
20.2857
46.1429
17.2857
93.2857
94.8571
116.429
65.1429
56
24.4286
111.286
87
10.2857
61.1429
20.5714
12.1429
129.714
126.286
83.7143
77.7143
85.1429
108.286
90.1429
125
113.143
108.714
51.4286
76.5714
143.571
42.5714
145.857
134.286
61.2857
75.4286
57.1429
110.143
22.8571
137
34.7143
141.143
2.85714
67.1429
103.571
13.8571
31.7143
31.2857
111.571
84.1429
75
28
27.5714
42.5714
127.714
19.7143
28.5714
19.8571
135.143
30.2857
92
134.714
15.7143
67.8571
118.714
5.42857
38.5714
93.5714
13
107.571
109.714
121.857
102.714
127.571
110.429
91.2857
110.286
87
48.1429
123.714
79
56.7143
146
34
44.7143
118.429
40.8571
39.8571
3.71429
123.429
15.8571
128.286
103.571
1.14286
0.714286
138.286
3.42857
134.429
93.5714
8.42857
120.143
69.5714
26.8571
33.4286
57.4286
130.571
8.14286
129.571
3
23.1429
93.7143
133.429
62.1429
145.429
63.4286
126.571
93.8571
122
100.571
41.4286
113
14.1429
1.71429
28.1429
7.42857
27
26.7143
75.5714
103.286
30.7143
1
144.714
88.7143
8.71429
76.7143
85.7143
22.8571
75.1429
128.286
8.14286
13.1429
67
136.429
50.2857
120.286
50
58.2857
57.4286
75.5714
92
91
132.714
58.5714
68.7143
130.571
29.8571
61
58.1429
96.8571
74.2857
91.7143
29.2857
22.1429
129
143.143
3.71429
60.8571
116.286
47.2857
62.5714
105.286
39.2857
17
90.8571
77.5714
118.286
109.143
122.714
5.85714
111.286
90.2857
0.285714
128.571
44.1429
84.1429
3.14286
63
51.2857
34.2857
139.429
1.71429
102.429
134.571
78.5714
54.7143
139.857
131.286
52.7143
21
37.5714
108
3.85714
79
43.8571
104.143
47.1429
22.4286
43
87.7143
78
128.286
34.8571
34.5714
27.7143
129.714
16.8571
37.8571
56.7143
129.429
95.2857
61.1429
116.857
32.8571
52.5714
47.1429
61
90.5714
119.714
130.857
88
32.8571
144.286
93.4286
18.7143
113.286
64.4286
8.85714
95.7143
14.2857
50.5714
49
121.286
13
104.143
17.4286
137.143
87.2857
78.8571
12.7143
87.2857
141.429
75.2857
44.5714
44.1429
131.857
48.4286
0
84.7143
22.8571
77.7143
140.714
108.286
129.143
42.2857
127.286
13.7143
73.5714
50.1429
108.857
47.2857
25.7143
6.71429
56.8571
99.4286
28.2857
88.5714
72.7143
83.2857
55.2857
40.8571
12.5714
32.1429
127.714
3
113.571
60
0
128.857
91.8571
32.1429
126.571
111.714
92.7143
45.5714
115.714
26.2857
116.286
104.143
10.1429
43.5714
125
62.2857
104.286
132.714
99.4286
76.4286
49.8571
99.1429
26.1429
117.714
26.1429
64
125.571
55.7143
55.2857
94.1429
33.8571
63.2857
13.5714
120.286
58.7143
2.71429
11.7143
89.2857
127
44.7143
6.71429
9
24
45.1429
76.8571
7.57143
9.14286
92.7143
58.1429
1.42857
98.8571
50
11.2857
56.7143
44.1429
141.571
54.2857
105.286
63.1429
95.4286
95
44.4286
76.4286
50.1429
29.4286
66.1429
8.71429
34
95
94.4286
19.7143
38.2857
56.7143
120.286
45.1429
107.714
40.1429
117.143
72.5714
6.14286
81.2857
127.143
38.7143
88.5714
81.1429
81
112.143
108.857
122.857
46.2857
54.8571
13.4286
62.5714
78.7143
2.42857
61.2857
126.429
85.4286
107.714
74.8571
137.143
145.571
76.1429
29.1429
133.286
135.429
10.8571
51.8571
58.1429
37.8571
116.429
47.8571
141.857
83.1429
138.429
34.4286
51
79.4286
99.5714
67.1429
6.85714
137.143
118.429
44.5714
137.857
44
87.4286
98
19.4286
70.8571
24.4286
16.1429
111.286
43.5714
72.4286
91.1429
38
38.1429
111.143
134.714
34.8571
105
7.71429
94.2857
136.571
94.7143
88.7143
102.571
76
25.4286
134
130.857
129
95
31.4286
46.7143
127.857
23
101.571
72.4286
71.1429
146
66.7143
104
71
99.1429
2.28571
85.7143
96.1429
47.1429
21.5714
120.571
124
130.571
133.429
88.7143
28.8571
19.1429
109.286
144
107.857
132.571
98
40.7143
113.571
27.7143
99.1429
117.429
70.1429
142.143
13.8571
95.8571
1.14286
57
59.1429
69.4286
135.714
99.2857
95.1429
87
109.143
137.143
88.1429
124.857
92
1.14286
68
58.4286
12.7143
90.5714
37.4286
67.5714
4.14286
72.5714
100.857
52.7143
80.7143
114.714
117.571
114.286
69.2857
49.2857
33.8571
98.5714
30.1429
64.8571
16.5714
30.2857
70.8571
71.4286
52
88.7143
95.7143
88
132.286
58.7143
97.4286
128.286
60.5714
88.7143
56.7143
15.8571
92
26
4.57143
59.1429
30
63.8571
107.857
143.714
89.8571
116.714
16.7143
30.7143
2.42857
54.7143
19.4286
71.2857
46.8571
5.85714
137.857
95.4286
97.4286
32.2857
8.14286
25.1429
60.8571
32.4286
43.8571
92.4286
125
60.8571
52.4286
19.8571
106.286
74.5714
118
56.4286
3.85714
46
27.1429
10.2857
100.429
0.571429
2.85714
4.57143
106.286
27.1429
43.4286
44.1429
32.2857
96
97
47.5714
79
58.1429
16.4286
25.5714
125.714
99.1429
84.8571
2.57143
53.2857
63.8571
110.143
120.143
6.71429
73.4286
145.143
127.429
56.1429
28.7143
39.1429
101.714
15.4286
138.286
79.4286
120
48.8571
145.571
110.143
36.2857
63.1429
49.5714
77.5714
12.2857
84.1429
98.4286
68.2857
63.8571
91.4286
85.5714
138.429
47.7143
19.1429
126
131
98.1429
74.1429
77.7143
94.7143
103.714
3.42857
130.857
136.571
144.143
60.5714
103.571
44.1429
11.4286
21.5714
24.8571
5.14286
6.71429
34.5714
103.714
128
12.1429
92.8571
14.4286
45.1429
61.8571
72.7143
49.4286
60.4286
39.7143
107.429
38.8571
78.4286
108.571
79.8571
89.5714
50.7143
38.5714
25.7143
97.7143
85.1429
90.1429
97.7143
126.714
81.4286
115.857
11.5714
91.7143
24.8571
145.429
37.1429
7.85714
75.2857
131.857
41.5714
17.2857
36.8571
12
113.571
105.714
61.7143
12.1429
52.7143
123.429
4.71429
83.7143
11.8571
17.1429
40.2857
52.4286
90.4286
34.4286
19.4286
123.286
69
70.1429
7.14286
58.8571
77.4286
107.571
101.571
136.714
108
7.71429
123.857
96.4286
84.2857
124
71.1429
115.286
49.2857
5.28571
135.143
78.4286
81.4286
34
10.8571
27.4286
89.7143
14
134.143
61.1429
89.7143
135.143
144.286
40.7143
124.429
31.5714
133.714
135.714
46.1429
59.5714
92.2857
24
44.8571
122.857
96
141.571
139.429
106.571
95.8571
66.7143
65.7143
14.4286
57.1429
116.714
79.4286
82.2857
2.57143
32.4286
9.14286
139.571
66.4286
38.4286
128.143
74.5714
3.85714
8
55
10.1429
144.571
127.286
127.429
6.71429
71.2857
63.8571
26.5714
31.5714
40.2857
138.857
63.1429
114.429
134.571
81.2857
135.857
53.4286
122.857
94.1429
121.857
69.4286
89.7143
88.2857
126.143
94
67.5714
42.4286
102.143
28.5714
101.143
137.714
20.2857
85.5714
63.7143
31.4286
1.85714
73.8571
50.8571
16.1429
10.8571
51
94.8571
26.2857
80.2857
79.8571
144.143
0.428571
10.1429
77.1429
99.2857
49
99.2857
13.8571
18
146.143
132.143
92.1429
142.143
42.1429
116.286
116
130.571
9.71429
94.5714
142.714
137.714
59.2857
25.4286
31.2857
110
136.857
25.8571
138.571
6.42857
124
33.8571
5.85714
138.429
29.5714
105.571
143
139.286
80.8571
91.5714
14.2857
57.5714
53.8571
99.8571
127.429
99.4286
100.143
67.4286
82.2857
0.285714
11.1429
7.14286
105.571
115.714
67
30
8.57143
100.857
40
15.4286
25.4286
46
63.5714
2
112.857
65.8571
15
31.4286
73.4286
5.71429
81.7143
121.714
89.2857
91.5714
46.1429
17.5714
117.143
90.2857
43.5714
60.1429
41.4286
0.142857
28.4286
125.714
133.571
97.7143
128.286
69.4286
64
102.286
123.429
21.4286
117.714
120.286
27.7143
134
111.286
104.857
11.1429
48.5714
76.8571
2.85714
18.5714
137.286
40
101.429
126.286
91.1429
59.2857
61.5714
81.5714
132.714
27.8571
28.7143
14
14.5714
27
116.714
90.1429
126.286
25.5714
122.286
142.571
134.286
0
60.8571
91.7143
64.5714
79.7143
52.5714
19.7143
59
117.571
39.2857
62.5714
0.714286
36
121.429
80.8571
29.5714
22.1429
22.2857
36.5714
101.571
13.2857
83
129
59.7143
78
135.429
21.4286
112.714
111.714
93
74.2857
93.7143
69.1429
62.5714
136.571
89.2857
16.4286
83
90.7143
31
97.2857
117.286
29.5714
103.714
20.2857
114.857
68.4286
33.8571
136.286
60.8571
113.286
9.57143
27.2857
75.5714
42.1429
118.286
87.4286
31.7143
80.7143
11.5714
8
13.5714
99.8571
145.714
65.5714
103.714
95.7143
126.429
0.285714
144.429
74.8571
12.8571
135.857
8.71429
109
24.7143
25.2857
129.714
17.4286
106.143
35.5714
44.4286
143.429
103.429
51.5714
136
69.7143
132.286
67.8571
65.1429
30.2857
18.5714
61.4286
113.571
45.4286
25.5714
93.4286
90.8571
133.429
32.5714
34.2857
108.714
26.7143
128.429
144.429
8.42857
107.714
4.42857
131
129.143
87
8.14286
5.71429
62
34
137.714
110.429
30.2857
22.8571
101
94.2857
122.714
14.5714
121
113.286
107.857
109.857
130
25.4286
139.429
55.4286
32.4286
41.4286
79.5714
89.7143
129
91.7143
34.4286
68.5714
56.7143
63.4286
19.2857
58.5714
25.8571
115.571
126.571
60.5714
66
34.5714
43.5714
62
117.143
42.8571
6.85714
116.286
75.2857
71
66.5714
106
43.5714
121.429
19.1429
16.8571
119.714
34.1429
75.7143
21.1429
124.286
30.2857
84.7143
91.2857
128.429
81.1429
51.7143
91.1429
76.4286
60.5714
29.5714
125.571
77.8571
146.286
83.7143
144.571
43
143.429
57.2857
36.4286
10.8571
73.4286
139.143
81.7143
12
117.143
137.714
102.286
84.5714
77
49.5714
115.429
30
71.1429
76.8571
72.4286
96.5714
42.7143
123.286
108.429
11
56.1429
86.4286
56.2857
131.571
124.714
143.429
10.2857
99.2857
107.714
76.2857
136.571
141.429
18.8571
125.143
5.28571
68
116.286
114
46
62.5714
31.4286
19.8571
134.286
98.4286
129.714
17.8571
107
45.7143
51.2857
55.5714
136.714
30.4286
99.4286
84
66.1429
132.429
8.57143
130.143
37.4286
6.14286
28.8571
93
117.429
138.857
55
18.8571
75.7143
18.2857
143.286
62.8571
74.5714
136.714
127.143
94.4286
70.4286
84.5714
23.8571
109.429
96.1429
144.857
120.714
33.5714
90.2857
132.286
103.857
35.5714
124.571
25.2857
53.5714
32
116.857
145.143
56.7143
78.2857
62
70.4286
75.8571
45.7143
100.857
37.4286
9
42.5714
64
7.85714
60.2857
136.714
133.714
121.857
103.714
65.8571
139.429
44.4286
56.8571
34.5714
132.857
92.2857
67
29.8571
142.857
4.14286
10.2857
54
45.5714
80.2857
143.143
52.4286
105.286
56.7143
78.4286
62.4286
142.714
73.5714
48.8571
21.7143
108
47.2857
65.7143
98.7143
14.8571
89.4286
40.7143
88.2857
129
59.8571
24.7143
92.4286
50.7143
35.7143
57.2857
85
99.2857
22.4286
134.429
42.2857
2.71429
42.2857
140.857
133.143
32.7143
9.42857
111.714
5.85714
13.8571
18
60
62.8571
64.5714
106.714
136.571
13.5714
65.8571
119.857
43.5714
46.7143
27.2857
134.143
122.714
33.4286
144.571
40.2857
58.8571
138.571
42.8571
137
25.5714
46.5714
78.1429
43.5714
133.857
51.5714
126.286
57.8571
21.7143
30.5714
55.2857
111.714
75.8571
139.143
31.8571
104.571
63.5714
112.286
141.857
106.143
76
138
9.57143
134.714
72.2857
42.4286
49.7143
85
7.42857
62.1429
102.429
146
90.2857
63.7143
20.8571
17.2857
144.714
58.7143
24.5714
113.857
0
50.5714
88.2857
90.4286
58.4286
144
18.7143
57.4286
133.714
130
0.142857
30.4286
49.4286
71.7143
43.1429
17.7143
122.857
87.8571
76.2857
96.5714
28.8571
82
43.5714
92
79
143.429
53.4286
113.429
106
46.1429
14.4286
9.42857
42.8571
92
15
57.5714
27.1429
68.8571
123.714
29.8571
137
14.7143
77
73.4286
69.5714
63.2857
10.7143
85.7143
137.286
66.1429
1.42857
63.2857
45.2857
69.2857
132.429
84.7143
96.5714
136.429
76
132.286
26.5714
117.857
27
86.5714
53.7143
69
91.4286
37.1429
90.8571
104.286
67.1429
20.2857
72.2857
87.1429
138.571
66.4286
56.8571
110.286
25.8571
139.286
68
91.7143
135
44.1429
54.5714
108.429
134.714
20.4286
35.1429
96.7143
22.8571
77.2857
141.571
9.85714
56.1429
44.5714
24.5714
3
77.7143
133.143
136.143
86.4286
80
107
8.57143
2.28571
22.1429
57.8571
121.857
135.286
117.286
50.4286
84.5714
56.8571
107.714
41.2857
129.714
75.4286
23.4286
3.71429
18.1429
12.2857
77.5714
32.7143
19.8571
123.857
24.5714
83.2857
9.42857
105.714
79.1429
80.8571
120.429
54.8571
34
142.143
109.429
80.7143
84.1429
15.8571
24.5714
127
106.143
59.5714
139
76.1429
78.8571
109.571
103.571
54.7143
145
73.2857
74.7143
88.4286
41.8571
6.42857
43.2857
49.4286
76.5714
30.5714
128.857
96.8571
1.85714
121.286
67.8571
1.14286
27.4286
48
5
114.857
33.4286
139.714
26.4286
12.4286
30.4286
38.2857
94.2857
50.8571
127.143
95.1429
44.8571
50.2857
47.8571
40.7143
26.1429
11
90.4286
87.1429
78.2857
46.2857
144
100
15.7143
45.8571
111.429
141.143
87.1429
111.571
69.2857
125.286
137.714
132.571
61.5714
105
43.4286
86.7143
127.286
76.1429
53.7143
90.5714
119
71.1429
106.857
9.14286
64.2857
95.4286
62.1429
3.42857
29.1429
132.143
62.4286
138.714
69.2857
118.857
87.8571
111.571
3
97.8571
60.1429
75.5714
101.857
8.57143
142
90.8571
19.7143
101.714
34.8571
116.857
9.28571
49.5714
35.7143
87.7143
128.857
16.7143
51.4286
100.286
35.2857
58.4286
145.429
39.8571
23.5714
78.7143
4.57143
138
77.1429
141
110.857
75.7143
93.2857
19.5714
82
88.1429
139
135.286
21.2857
145.857
117.571
107.571
53.7143
96
69.1429
47.5714
130
24.1429
18.4286
0.142857
18.2857
101
19
100.714
22.1429
37.2857
31
81.5714
134.714
86.8571
19.1429
7.57143
67.8571
92.4286
128
143
48.7143
127.571
132.286
130.857
142.286
117.143
41.4286
20
78
106.714
47.8571
88.8571
71
66.4286
13.2857
18.8571
80.4286
48
135.286
57
94.4286
125.429
79.2857
78.1429
31.7143
80.1429
101.714
60.5714
17.7143
89.4286
84.5714
66.2857
59.4286
100.429
90.8571
7.14286
73.4286
14.2857
10.2857
104.143
14
133.429
63.2857
120.571
95
54.4286
125.714
127.571
84.5714
7
144.714
94
121.571
79.2857
116.714
77
67.7143
14.1429
43.7143
140.857
85
74.5714
2.28571
35
138.286
122
108.286
126.714
26.2857
82.5714
12.4286
116.143
118.857
107.286
135.429
10
78.5714
26.7143
133.286
35.5714
85.5714
142.429
25.7143
32.2857
48.7143
19.7143
20.4286
15.1429
109.286
130.286
60.5714
9.42857
44.8571
126.857
146.143
73.1429
101
108.571
47
48
21.8571
61.8571
102.143
23.8571
10.7143
7.85714
89.5714
144
120.286
88.8571
57.2857
90.2857
90.4286
112.714
124.571
66.1429
83.2857
19
35.8571
52.1429
94.2857
27.2857
141.143
93.1429
17.5714
103.143
120.714
138
127.143
28.4286
9.85714
138.143
120.571
37
125.857
22.1429
93
69.1429
96.7143
106.286
83.1429
142.143
114.286
133.429
16.4286
73.2857
135.571
2.71429
33
51.4286
49.1429
116
40.1429
102.143
75.5714
139.143
70.7143
82.2857
40.4286
111.571
23.4286
86.2857
1.14286
106.857
32.7143
40.4286
9.42857
84
139.571
128.429
128.571
132.286
70.2857
7.85714
15.1429
96.4286
145.286
108.286
98.7143
26.7143
78.2857
42.8571
8.42857
78.1429
26.2857
95.7143
141
144
32
67.4286
95.2857
97.4286
111.143
104.143
119.286
32.7143
134.429
15.5714
16
106.857
105.571
122
72.1429
89.4286
100.429
17.7143
145.143
109.143
110.571
89.4286
0.857143
101.143
49.4286
118.429
83.7143
17.4286
66.1429
107.143
131.857
10.5714
110.857
137.571
116.143
119.714
59.7143
140.286
75.5714
51.1429
131.286
136.857
67
72.5714
52.7143
24.7143
31.8571
71.5714
116.286
144.143
64.1429
89
47.2857
100.571
42.5714
117.714
127
49.1429
81.4286
84.5714
92.4286
32.8571
32.5714
9.85714
2.28571
144.857
137.286
126.429
35
21.1429
119.286
99
97.1429
54.4286
18.1429
15.7143
91.7143
65.7143
41.7143
106.143
141.286
137.857
2.14286
29
19.4286
8.85714
55.2857
44
132
106.143
24.5714
83.5714
127.714
118.857
67.7143
58.5714
52.7143
35.4286
136
13.2857
3.71429
88.8571
117.429
23.2857
40
84.7143
60.5714
64.8571
138.286
91.8571
63.8571
131.429
132.143
108.143
109.143
139.286
24.8571
54.1429
87.7143
60.2857
103.143
69
17.1429
9.42857
104.857
105.714
88.8571
134.857
94.8571
96.4286
9.28571
16.8571
140.857
37.2857
3.71429
39.7143
33.5714
42.7143
45.7143
108
10.2857
30.1429
136.714
14.8571
102.714
94.1429
24.7143
119.857
136.714
94
132
124.571
7.85714
58.7143
87.2857
96.8571
27.7143
97.4286
18.5714
146.143
45
113.857
13.8571
23.5714
106.571
52.4286
98
18.5714
76.7143
84.4286
36.7143
127.429
53.1429
10.8571
71.7143
5.42857
138
72.7143
59.2857
29.8571
41.2857
75.7143
81.4286
138.143
26.8571
143
31.8571
61.4286
140.571
127.857
1.57143
79.8571
37.2857
90.7143
55.5714
128.143
80.4286
117
45.8571
19.8571
105.857
20.5714
12.8571
20.2857
94
112.143
44.4286
113
133
73.5714
140.571
9
104.714
16.7143
65
59.2857
136.857
16.8571
25.5714
133.429
12.7143
8
111.429
127
121.286
115.286
102.857
70.8571
20.2857
133
11.2857
46.5714
115
20.7143
46.5714
57.1429
39.2857
34.5714
31.1429
142.571
17
78
121.143
125.143
32
143.571
141
63.5714
69.5714
22.7143
20.8571
28
21
64.2857
48.5714
137.857
142.714
35.2857
48.1429
101.429
100.714
83.1429
79.1429
30.4286
36.5714
32.7143
121.571
130.429
4.14286
144.429
51.7143
103.429
110.429
120.571
93.8571
74.1429
28.7143
34.4286
141.286
127.429
95
6.85714
41.4286
122.286
32.2857
108
33.2857
10.5714
4.57143
80.2857
10.4286
97.7143
124
7.14286
130.143
107.429
28.8571
84.7143
13.1429
66.8571
36.8571
137.143
77.8571
103.429
72.7143
22.5714
62.2857
65.8571
97.2857
66.8571
114.429
138.286
96
32.2857
53.7143
135.857
121
26.1429
63.7143
21
138.429
107.429
33.4286
12.4286
137.286
42.7143
93.2857
71.7143
6.28571
119.857
139.286
61
115.286
86.5714
134.286
137.714
59.8571
120.286
105.429
98
4.28571
112.143
43.2857
54.7143
53.7143
82.7143
58.2857
143.857
17
73.8571
66.8571
80.8571
8
49
94.1429
20.1429
83.8571
87.8571
142.143
59.2857
122.429
14.8571
133.857
85.7143
146.143
127.714
41.2857
30.1429
32.8571
88.4286
80.4286
74.2857
40.1429
108.143
123.429
65.7143
139.714
70.2857
30.5714
16.8571
97.1429
138
40.7143
22.1429
49.2857
54.7143
85.2857
83.1429
143.714
111.143
72.8571
6.57143
26.1429
19.7143
122
43.1429
93.4286
45.5714
134.714
78.2857
1.42857
117
75.1429
1
117.857
72.5714
48.8571
129.714
33.2857
129.286
127
122.714
76.8571
21
50
54.1429
9.85714
57.1429
121.429
73.8571
127.857
28.7143
45.4286
58.4286
141
144.143
20.7143
47.7143
14.5714
126.429
61.4286
83
64
23
89
79.4286
88.8571
89.8571
15.2857
138.429
65.7143
25.7143
11.5714
34.8571
40.4286
58.4286
97.1429
146.143
37.2857
63.8571
99.5714
91.8571
69.5714
111.286
139.857
128.286
111.429
65.8571
120.286
1.57143
24.7143
146.143
24.4286
67.4286
97.4286
142.429
68.1429
9.71429
26.1429
22.4286
142.714
59.5714
49.2857
40.2857
10.1429
134.571
5.28571
56.7143
104.857
72.5714
25.5714
144.714
143.429
23.4286
68.2857
110.286
95.1429
86.2857
91.4286
82.7143
35.8571
24.1429
35.1429
93.5714
123.429
111.429
44.5714
8.42857
2.28571
6.42857
55.7143
114.429
54.4286
73.1429
36.1429
85.2857
66.2857
133
51.1429
49.2857
80.4286
105
122.714
19.5714
145.429
114.429
10.5714
3.57143
142
2
8.28571
0.571429
52.8571
12.2857
14.4286
46.5714
94.5714
100.857
79.7143
99
130.714
58
113.143
81.8571
16.8571
142
131.143
144
56.8571
109
49.1429
140.714
83.7143
145.714
80.5714
59.5714
69.2857
104.857
142.429
132.571
1.28571
15.2857
2.71429
3.42857
88.5714
95
11
145
56.2857
120.286
141.143
89.4286
17.4286
81.7143
36
13.5714
88
11.8571
84.5714
138.143
90
75.7143
74
75.5714
117.143
36.1429
32.8571
122
118.429
89.2857
53.2857
45.4286
54.7143
58.2857
11.4286
20.1429
121.857
9
139.714
18.2857
32.5714
45.8571
114.857
18.2857
39.2857
70.4286
39.4286
60.2857
95.1429
84.5714
1.57143
51
38.7143
121.429
143.714
105
103.714
127.143
43.4286
134.571
110.286
96
144.429
78.8571
32.2857
133.857
32.8571
92.8571
79.1429
34.1429
28.4286
94.2857
137.429
109.286
85.7143
4.42857
48.5714
88.2857
112.143
31.4286
96.2857
105.857
76
83
1.57143
99.1429
54
111.286
41.2857
100
90.2857
105
88.2857
82.8571
0.571429
59.7143
18.4286
22.7143
145.429
13.8571
90.1429
63
71
16.4286
111.429
45
72.1429
91.1429
133.714
123.143
38.7143
77.8571
65
38.2857
124.714
80.4286
2.28571
96.8571
101.429
47.2857
8.14286
17.1429
85.5714
112.429
29.5714
73.1429
27.8571
50.8571
26.5714
7.14286
59.7143
98.8571
72.1429
73
36.8571
61.8571
68.2857
83.7143
35.7143
90.8571
5
92.5714
100.571
141.714
64
67
35.1429
101.714
144.571
127.714
82
111.571
139.571
3.85714
12.8571
13.4286
110.429
24.4286
99
16
4.14286
33
142.429
17
13.2857
107.857
41
15.5714
27.7143
102.429
127.429
56
39.1429
145
59.7143
99.2857
62.1429
3.42857
72.4286
130.571
12.4286
119.857
8.71429
97
69.7143
113.286
81
28.8571
19.8571
111.571
34.7143
8.85714
115.286
84.4286
108.429
70.5714
123.571
131.286
132
7.85714
112.571
43.7143
16
96.2857
93.1429
33
78.7143
25.5714
127
41.7143
128.714
83.7143
140
86.2857
116.571
46.1429
89.8571
36.2857
118.143
24.8571
94.1429
140.857
0.714286
16.1429
5.71429
89
31.7143
65.5714
98.1429
59.2857
141.143
117.143
58.8571
72.2857
8.14286
104
99.8571
56.2857
56.5714
80.5714
71.5714
135.857
20.4286
95.4286
125.143
110.571
116.857
63.1429
131.714
123.143
40.8571
80
4.14286
140.714
101.143
82.1429
136.857
58.8571
52.7143
29.8571
0.571429
1.57143
116.857
48.1429
113.143
135.714
47
51.8571
71.7143
131.857
0.428571
68.8571
109.714
30.7143
83.7143
73.7143
53
59.5714
97.8571
26
37.4286
59.8571
134
42.1429
95.2857
64
85.2857
34
3.42857
58.4286
108
57.7143
111.857
6.71429
27.7143
7.14286
29.7143
110.286
13.5714
124.714
87.5714
97.4286
116
146
73.1429
133.571
130.857
10.7143
102.857
7.71429
68.4286
52.5714
27.4286
51.2857
3.28571
145.714
38.1429
85.2857
43.2857
71.1429
67
90.8571
54.5714
26.1429
51.8571
47.5714
82.4286
142.714
54.8571
80.8571
2.14286
2.28571
5
21.1429
112.571
108
6.42857
43.1429
67.4286
107.429
76.2857
114.286
117.143
25.1429
104.286
75.4286
75.7143
96.4286
22.8571
15.8571
13.1429
29.8571
128.429
83.4286
108.143
29.2857
106
25.8571
94
80.1429
85
61.2857
31.1429
11.5714
53.5714
37.7143
45.1429
109.857
43
6.14286
135.714
67.5714
1.42857
24
105.857
39
34.8571
39.8571
121.571
128.857
26.7143
30.2857
89.7143
100.571
50.2857
30
134.429
99.8571
35.7143
52
119.857
114.714
73.5714
7.71429
53
134.286
95.4286
69
57.7143
103.143
89.8571
70
95.1429
78.5714
128.429
37.8571
123.429
145.714
119.571
82.8571
119.286
86
83.7143
76.8571
22.4286
119.429
72.7143
13.1429
56.5714
25.2857
135.714
36.8571
133.429
17.5714
58.5714
80.7143
81.4286
102.571
58.2857
108.143
77.2857
87.5714
130
46.5714
50.5714
146.143
27.7143
93.5714
32
138.286
138.714
102.714
132.143
60.5714
29.7143
42
48
135.143
62.8571
31.4286
19.4286
131
16.8571
90.7143
36.8571
75
144.714
85.5714
64
39.7143
101.286
58.7143
87.5714
14.7143
56.5714
120.714
54.2857
22.8571
109.571
52.4286
66.2857
54.7143
86.1429
87
133.857
46.8571
45.5714
25.1429
62.2857
120.857
109.429
7.85714
111
76.4286
115.429
120.143
95.8571
67.5714
77.1429
27
28.7143
135.714
15.1429
73.4286
15.1429
39.5714
12.7143
113.286
55.8571
2.85714
95.4286
140.714
93.4286
13
30.8571
89.4286
46
123.286
103.429
54.5714
13.8571
130.429
88.8571
96
32.1429
22.4286
51
93.1429
66.1429
139.571
111.429
3.57143
64.7143
56.2857
82.7143
70.1429
146.286
104.714
38
49
93.5714
136.143
84.2857
82.7143
41.4286
28.2857
117.286
92.5714
139.714
14.2857
105.286
83.1429
77.4286
145.857
81.1429
68
8
81.2857
104.857
58.2857
71.8571
62.1429
125.429
42.4286
48.8571
0.428571
113
32.2857
101
81.4286
110.571
55.4286
2.42857
113
109.143
99.7143
79.2857
72
130.714
146
38.8571
77.8571
19.4286
143.571
69
69.5714
109
72.7143
41.4286
112
43
134.714
15.2857
121.857
95.5714
77.4286
75.2857
82.2857
100.143
28.2857
28
49.4286
4.71429
10.7143
104.857
1.28571
113.143
58
140.143
26.4286
64.8571
90.7143
10.4286
33.4286
26.2857
33.4286
21.5714
16.7143
114.857
42.4286
60.4286
66.5714
9
69
15.8571
99.2857
46.2857
131.714
15.8571
38.7143
137.143
46.5714
137.571
26.8571
129
28.7143
75.4286
77.2857
124.571
46.1429
90.1429
133.429
134.857
131.429
122.286
101.857
117.143
82.7143
30.4286
49.7143
117
117.143
63.2857
128.571
62.1429
140.571
121.857
133.571
86.7143
5.85714
111.143
139.714
62.7143
9
125.571
102.286
97.5714
143.143
94.7143
106.714
100.714
63.1429
13.8571
5
50.8571
95.2857
64.1429
139.714
24.2857
98.1429
128.143
133.143
48.7143
82.5714
133.143
90.5714
43.8571
90.8571
9.42857
10.2857
112.714
6.71429
91.7143
135.571
125.286
50.1429
60.5714
138.143
39.4286
33.4286
144
77.7143
60.4286
46.4286
70.5714
29.2857
28.1429
50
32.1429
84.2857
17.7143
112.429
126.143
36.1429
83.8571
83.4286
122.286
121.857
8.57143
44.1429
37.8571
1.85714
73.8571
81.5714
51.1429
140.714
30.8571
87.7143
91.1429
81.4286
3.71429
21.2857
97.1429
53.4286
107.429
13.5714
56.1429
84.1429
60.2857
111.143
23.2857
80.8571
145.714
60.2857
57.7143
29.8571
18.5714
51.4286
109.143
33.4286
100
43.8571
15.8571
39.7143
12.2857
106.857
3.71429
42.8571
4.85714
109.714
125.857
91.7143
128.286
69.8571
77.2857
13
118.571
43.8571
120.857
141
78.8571
39.7143
82
65.8571
74.2857
139.286
13.1429
7
3.57143
122.286
96.7143
132
84.2857
63
5.28571
126.143
37.4286
21
57
111.857
55.4286
42.7143
20.4286
111.571
9.71429
75.2857
118.571
19.2857
42.2857
145.429
60.4286
82.2857
77.5714
124.714
54.5714
43.1429
7
0.142857
43.7143
101.571
141.857
86.4286
8.42857
81.8571
105.286
8.14286
117
23.7143
31.5714
139.714
74.2857
89
110.714
21.5714
131.857
145.286
74.1429
0.857143
51.1429
60.4286
57.2857
109.286
34.7143
12.1429
130
118.571
141.143
86.5714
54
110.714
84.1429
59.8571
7.28571
88.1429
140
48.2857
66.1429
136
120
32
104
112.857
7.42857
88.7143
46
110
9
144.143
86.8571
21.8571
46.4286
53.2857
107.429
85.7143
127.571
115
83.1429
3.57143
36.4286
57.8571
112.429
130.714
35.1429
24.7143
124.143
50.4286
139.714
125.143
106.143
59.8571
125
64.5714
146.286
109.857
26
16.8571
77.5714
145.429
18.4286
116.857
21.5714
110.286
81.2857
118.429
83.4286
16.7143
54.4286
42.1429
15.2857
131.571
87.4286
40.2857
8.28571
93.2857
133.143
26.7143
70.7143
127.286
143.571
57.1429
0.571429
36.5714
33.7143
123.429
116.571
69
68.5714
125.286
67.1429
54.1429
1.71429
6.28571
78.1429
7.28571
38.5714
35.5714
75.1429
52.1429
50.5714
138
66.4286
45.4286
135.429
32.5714
73.5714
93
127.714
57.1429
87.5714
90.1429
83.8571
66.4286
21.1429
118.714
117.143
131.429
43.8571
17.7143
21.1429
13.4286
93.8571
122.143
28
113.571
92.7143
114.857
41.4286
76.4286
110.714
138.857
124.571
54
21.7143
87.7143
83.4286
109
139.143
21
113.857
14.1429
36.7143
93.4286
114.571
43.5714
94.1429
137.714
135.286
77
55.1429
40.7143
114.857
101.857
23.8571
111
85.2857
93
114.286
32.1429
119.571
15.7143
138.286
134.286
76.5714
125.286
16.5714
94.8571
74.5714
135.857
97.4286
109
124.571
21.7143
16.7143
64
16.7143
82.8571
52.1429
132.571
56.7143
38.2857
15.2857
14.4286
84.4286
123
78
18.4286
109.571
109
121.286
14.5714
98.2857
125.286
43.8571
117.143
57.2857
12.5714
120
129.571
11.8571
40.4286
72.1429
106.571
113
133.286
36.4286
142.429
86.5714
61.4286
109.857
71.5714
76.2857
3.71429
42.1429
28
19.5714
53.8571
122.571
54.2857
76
89.8571
29.7143
101
16.7143
29.4286
68.5714
105.571
4
41.7143
46.4286
19.2857
20.4286
119.286
93.1429
112.714
112.143
29.4286
43.1429
114
100.429
73.1429
108.714
7.57143
25.4286
51.5714
32
100
94.2857
84.1429
85.7143
65.2857
62
63.1429
106
107.286
125.857
3.85714
89.4286
22.7143
76.2857
24
11.4286
115.143
30.4286
21
0.285714
0.428571
79.7143
56.1429
54.8571
123.571
66.1429
137.143
112.429
64.7143
103.571
19.4286
80.1429
36
100.714
35.2857
126.286
115.286
56.1429
103.571
110.857
72.1429
38.7143
112.143
63.8571
37.1429
74.8571
144.429
12.8571
107.286
2.28571
28
120.857
19.7143
44.1429
45.1429
9.57143
103.286
57.7143
63.7143
104.429
130.857
128.286
127
83.1429
133.143
61.7143
88
30.5714
41.2857
127
83
17.5714
100.286
6.71429
44.8571
15.1429
77.4286
140.286
58.1429
115.286
49.4286
12.8571
86.4286
134.857
57.2857
114.429
45
67.2857
50.8571
78.1429
18.1429
143.857
41.8571
11
79.7143
145.143
60
76.2857
77.4286
95.1429
67.4286
125.714
98.8571
35.7143
87.8571
68.4286
11.4286
37.8571
14.2857
82.7143
101
28.7143
70.7143
36
43.8571
85.4286
65.7143
16.7143
33.5714
38
36.1429
59.7143
103.857
86.1429
129.571
8.28571
92.4286
7
118.571
16.2857
28.5714
106
26.5714
107.429
4.85714
138.571
144.571
40.4286
0.142857
23
64.2857
47.4286
79.7143
119.286
78.7143
134.714
130.429
92
69.1429
10.7143
64.2857
67.8571
57.1429
5.57143
42.1429
131.857
78.8571
40.5714
12
70.5714
109.571
117.571
64.8571
80.2857
133.286
78.8571
40.4286
86.8571
6.42857
117
65.1429
55.5714
107.714
128
31.8571
92.4286
56.2857
141.429
56.4286
51.7143
24.7143
116.143
110.429
113.286
50.4286
131.571
83
122.857
79.7143
67.2857
58.4286
76.8571
47
119.857
83.1429
92.5714
92.4286
99.2857
72.8571
9.71429
89.5714
110
47.5714
17.4286
68.1429
44.5714
62.2857
12.4286
57.2857
119.286
47
78.8571
102.714
11.1429
79.1429
36.7143
9.71429
5.85714
103.143
122.857
109.429
141.714
74
139.143
33.8571
103.286
47
0.285714
104.714
15.4286
44
102.571
130.143
67.2857
11.1429
17
95.8571
13.7143
48.1429
37.7143
64.2857
46.4286
105.714
70.7143
118.571
8.14286
94.1429
78.2857
9
142.143
41.2857
119.714
61
85.7143
136.714
135.429
79.1429
99.8571
4
28.4286
16.8571
42.5714
109.571
55
86.5714
89.1429
85.2857
68.2857
0.142857
62.4286
103.286
72.4286
136
132.714
18.2857
146.286
96.2857
64.5714
53.8571
105
51.1429
103.857
81
30.5714
53.7143
112.571
84
37.7143
135.143
48.4286
64
52.4286
48.2857
27
70
67.2857
10.7143
81.5714
36.2857
128.714
68.1429
128.429
114.714
133
104
68.4286
90.1429
60.8571
135
62.8571
91.4286
59.7143
63.1429
107.286
19
136.571
145
30.8571
140.571
16.7143
64.1429
127.571
119.286
137.857
31.4286
33
84.7143
117.429
144.714
144.714
2.57143
75.4286
91.2857
64.2857
30.5714
137.714
26.7143
49.1429
89
61.8571
116.429
111.429
100
102.143
39.1429
27
25.2857
57.4286
1.14286
49.1429
6.71429
39.4286
120.714
129.429
142.571
4.42857
39.5714
58
87.4286
112.571
96.7143
33.2857
39
7.28571
82.1429
110
40.2857
84.2857
29.1429
72
36.2857
69
3
92.4286
71.2857
37.7143
62
60.8571
52
78.4286
109.857
131.286
44.2857
139.857
11.5714
72.2857
30.4286
19.4286
61
24.5714
109.429
26.2857
113.286
3.71429
132.857
99.1429
129.143
132.143
101.571
41.8571
18.4286
39.8571
1.85714
36.7143
106.429
110.143
40.2857
30.8571
125.429
79.1429
117.857
121.571
14
42.2857
99.8571
134
132.429
59.7143
39
58.2857
8.14286
58
70.2857
72.1429
95.7143
94.1429
50.2857
5.85714
80.5714
72.8571
101.286
4.14286
128.429
86.7143
140
8.42857
86.7143
46.2857
145
6.14286
10.4286
14
29.1429
14.7143
45.1429
43.4286
100.571
55.1429
63
100.714
65.5714
39.8571
34.4286
99.1429
143.429
68.1429
143.714
126
72.1429
48.7143
34
82.4286
143.571
58.1429
120
120.286
90.1429
108.143
123.429
0.714286
132.429
146
17.2857
6
106.429
118.714
30.1429
41.4286
39.7143
12.7143
38.2857
15
86.7143
123.143
38.5714
131.857
116
77
12.1429
133.143
115.143
33.7143
139.429
98.7143
106.571
42.1429
122.714
128
2.14286
86.2857
27.1429
10.8571
135.857
91.5714
59.5714
133.429
0.142857
138.143
12.7143
9.42857
128
44.8571
77.1429
95.7143
132.286
99.1429
23
68.8571
5.71429
76.8571
89.4286
92.2857
16.2857
135.571
32.2857
139.286
108
29.2857
34.5714
22.4286
96.7143
57.5714
110.286
25.4286
52.8571
11.5714
3
106.714
26.5714
122.857
116.714
142.429
79.4286
100.286
122
11
19.1429
117.714
51.2857
59.2857
47.5714
112.143
134.857
28.5714
122.714
0.142857
27.7143
141.714
25.5714
18.1429
145
74.5714
88.7143
69.8571
41.8571
81.8571
3.42857
127.857
67.7143
4.57143
142.429
65.2857
97.5714
125.143
100.286
79.8571
54
72.8571
101.857
111.429
107.143
20.4286
108.857
32.7143
102
64.8571
134
113.143
53.5714
110
110.286
86.8571
63.8571
50.4286
61.7143
82.2857
133.857
133.429
45.4286
33.1429
96.7143
118.143
69.4286
33.8571
65.4286
143.429
46.5714
88
100
77.2857
36.8571
88.1429
121.714
96.4286
131.714
20.4286
33.7143
89
108.714
116.143
123
137.429
106.714
77.4286
62.7143
88.2857
14.2857
10.2857
60.1429
62.2857
10.1429
104.571
30.7143
82.4286
56.8571
7.42857
73.2857
33.1429
124.143
7.57143
145
47.8571
23.2857
132
74.1429
53.7143
125.143
62.2857
35
73
39.5714
37.2857
27
90.4286
119.714
64.1429
62.2857
86.8571
20.8571
101
132.429
123.286
93.1429
62.8571
1
55.8571
124.143
54.2857
93.8571
140.286
43
98.4286
118.714
78.2857
24.2857
99.8571
32.8571
36.8571
31.2857
70
2
46.4286
122.714
135.714
66.5714
48.5714
35.8571
49.1429
27.2857
47.5714
98.2857
109.571
15.7143
43.1429
121
143.429
95.2857
98.8571
77
20.4286
20.1429
140.286
17.8571
101.286
57.5714
45.4286
79
70.4286
137.143
114
14.4286
17.4286
39.5714
132.429
61.8571
128.429
28.1429
29.4286
110.429
97
25
10.4286
18.8571
13.5714
21.8571
86
5.28571
80.8571
13.8571
81.8571
75.7143
106.714
131.429
82.1429
42.4286
125.286
37
43.2857
17.4286
56.8571
11.4286
122.857
17.2857
99.8571
35.1429
67.5714
49
119
66.8571
108.286
70.2857
64.2857
34.1429
114.429
88
140
121.857
125
12.1429
92.1429
123.857
78.8571
86.8571
8.57143
18.4286
80.4286
39.1429
52.8571
84.5714
86
20.7143
138
78.8571
145.714
39.2857
16
111.714
116.857
80.8571
135.714
128.571
9.71429
28.8571
19.5714
103.571
125
96.1429
26.7143
42.1429
122
44
62.7143
135.286
79.2857
124.429
87
102.714
55.7143
10.1429
139.571
1.14286
130.286
60.8571
24.4286
128.714
15.4286
36.5714
98.7143
0.857143
26.1429
70
131
66.4286
115
19.2857
107.714
83.7143
25.4286
33
5.85714
24
101.143
83.1429
77.1429
117.143
28.8571
136.429
37
134.857
113.714
15.4286
135.286
88.8571
48
30.7143
92.7143
130.714
98.1429
17.8571
42.4286
118.429
51.1429
8.57143
123.714
115.286
135.714
146.143
104.571
14.2857
16.1429
137.429
54.5714
104.714
24.8571
32.1429
7
72.4286
68.1429
8.57143
64.2857
88
14.8571
52.4286
139.714
7
70.5714
48.5714
53.7143
16.2857
89.4286
71.8571
47.1429
41
88.8571
93
71.4286
132.286
18.1429
3.28571
13
38.7143
84.5714
110.714
65.1429
90.5714
67.7143
10.5714
78.7143
75.1429
124.571
119.143
14.8571
5.85714
20.4286
44
49.5714
66.2857
84.1429
2.71429
141.571
70.8571
62.5714
65.7143
90.8571
46.5714
97.4286
13.5714
144
59.7143
59.2857
134.286
53
50.2857
138.571
40.8571
6
1.14286
41.2857
71.8571
26.5714
123.286
64.1429
56.5714
94.4286
16.7143
46.1429
143.286
106.286
68.1429
36
11.5714
58.2857
52
5.85714
83.5714
80.8571
13.8571
124.857
135.571
5.57143
47.2857
59.5714
133.286
67.2857
41.2857
19.2857
68.5714
71.4286
95.5714
120.429
47.2857
86.2857
2.57143
98
61.5714
144.571
13.5714
60.7143
108.143
59.7143
26.2857
86.5714
118.857
38.1429
117
139.143
134.286
136.714
56.5714
134
145.143
114.571
37.2857
22.7143
104.571
133.714
