135.429
44.7143
123.286
106.286
29.2857
109.714
31.5714
45.1429
115.714
137.857
49.7143
84.5714
130.571
5.42857
112.857
102
58.7143
109
133.714
34.5714
75.8571
64.2857
79.8571
100.429
67.5714
87.8571
24.4286
130.714
14.4286
106.143
118
104.429
22.7143
41.5714
75.8571
126.143
2.28571
120.571
76.2857
130.571
22.7143
50.2857
4.71429
4.71429
39.7143
44.2857
81.7143
71.1429
126.286
57.4286
136.286
100.714
88
14.2857
124.286
100.429
55
22.1429
46.1429
113
96.8571
127.143
50.7143
1.85714
120.857
86.2857
82.7143
17.2857
140.857
19.7143
54.5714
40.5714
46.2857
140.714
68.1429
39.7143
30.4286
56.1429
79
99.2857
9.71429
19.8571
14.8571
0.285714
46.8571
7.14286
15.4286
28.1429
102.571
79.5714
30
14.7143
78.4286
113
117.286
49.4286
29.1429
55.2857
29.7143
102.143
94
88.1429
30.1429
68
9.28571
92.5714
52.1429
35.8571
135.286
129.429
113.429
6.71429
80.7143
54.2857
121.143
114.571
71.5714
80.2857
145.857
74.4286
77.5714
111.857
129.714
1
36
50.2857
64
80.4286
2.57143
33.2857
1.71429
55.5714
11.4286
92.2857
138.143
17.7143
129.429
77.2857
145.714
38.1429
9.42857
116.857
118.143
110.714
39.5714
144
3.42857
2.85714
54.8571
44.7143
109.143
75.1429
78
51
136.143
24.2857
91
120.286
19.8571
21.5714
75
56.8571
26.2857
81.1429
127.857
20.7143
17
45.1429
83.2857
71.1429
19.5714
48.1429
115.714
111.571
115
80.7143
101.714
40.4286
13
36.5714
115.571
75.2857
9.42857
83.8571
113
41.7143
38
107.714
18.2857
144.571
37.8571
26.5714
62.4286
50.5714
46.5714
128.429
145
92.4286
103.571
96.8571
70.7143
107.857
9.57143
115.571
118.571
117
33
96.5714
128.286
28.5714
119.714
77.4286
9.14286
115.429
30.7143
64.4286
120.571
2
70.1429
48.4286
99.1429
34.2857
86.5714
3.85714
145.143
46.4286
90.2857
103.571
9
3.14286
4.42857
31.1429
74.2857
4.14286
83.1429
86.2857
36.7143
66.1429
35.8571
111.571
36.8571
15.5714
107
53.1429
133.857
51.8571
117
79.5714
127.714
90.8571
79.5714
25.1429
99.2857
50.7143
63.4286
102.571
134.571
129.286
91.4286
125.429
16.2857
109.143
28.2857
87.4286
143
81.8571
128.143
14.5714
116
118.429
61.1429
17.1429
123.286
126.571
95.5714
118.143
103.143
139.571
13.2857
111.857
73
79.5714
3.28571
127.429
11.8571
91
101.714
98.4286
68.7143
29
77.4286
72.4286
95
110.857
79.1429
132.857
113.143
24.8571
112.143
39.4286
100.714
69
117.857
59.4286
8.14286
131.429
1.85714
58.2857
35.7143
104.571
111.714
49.4286
120.571
127
132.429
90.5714
46.5714
137.286
94.5714
131.429
61.4286
127.714
5.14286
72.8571
111
67.4286
8
105.143
38.4286
4
69
73.1429
71.4286
68.5714
5.71429
134.571
142.429
3.85714
97.5714
23.2857
117.286
50.7143
1.57143
26.2857
62
0
97.5714
8.85714
40.5714
77.8571
19.4286
119.143
137.143
4.71429
30.5714
18.8571
139.143
113.429
34.7143
26.4286
43.1429
142.429
121.857
103.571
70.2857
54.2857
21.8571
44.5714
4.85714
90.4286
6.42857
87.4286
27.7143
2
84.4286
86.2857
66.5714
145.714
61.7143
47.2857
57.4286
36.4286
71.4286
73.1429
112
50.8571
105.857
20.1429
50.1429
33.7143
1.28571
119
34.5714
25.4286
7.71429
34
31.2857
34.2857
104.143
125.143
37.4286
90.4286
141.571
112.286
103.143
66.7143
95.8571
74.7143
77
56.5714
85.1429
16.4286
89.8571
56.7143
77.1429
48.7143
28.5714
124.571
102.857
124.714
60.4286
104.571
122.714
116.286
137
59.7143
142.286
7.71429
143
92.7143
123.286
36.2857
7.14286
53.1429
131.714
34.7143
19.1429
126.714
140
26.7143
106.714
10
33.7143
86.1429
55
116.429
94.2857
43.5714
133.286
40.5714
116
12.2857
40.4286
97.2857
94.5714
89.2857
111.429
141.857
111
83.7143
65.1429
91.2857
12.8571
100
72.4286
103.143
106
146.286
116.571
125.857
94.7143
71
93.5714
98.2857
132.429
48.7143
78.2857
112.571
87
126.571
25.1429
100.714
26.1429
0.428571
56
4.71429
132
69.5714
86.8571
83.5714
37.4286
98.7143
100.143
113.857
83
132.143
4.71429
10.5714
118.714
82
65.8571
96.7143
72.5714
114.571
65.1429
12.8571
82.7143
87.5714
85.8571
13.5714
103.429
7.57143
106
106.143
65
71
133.143
32.1429
81.5714
132
107.571
65.1429
106.286
107
68.1429
22.2857
120.429
19.5714
90.1429
46.5714
11
0.857143
66.2857
1.85714
88.8571
130.714
101.143
125.286
113.571
4
56.8571
23.5714
126.143
38.5714
111.714
70.7143
113.571
116.143
49
35.5714
21.1429
6.28571
19.1429
58.5714
134.429
110.429
134.571
46.8571
133.714
13.1429
119
114
125.143
127.857
77
6.28571
114.714
26.2857
82.2857
3.42857
73
109.857
54.5714
101.571
52.7143
76.1429
9.71429
97
119.714
104
104.571
69.4286
72
69.8571
12.2857
92.8571
13.8571
7
105.571
49.4286
78.7143
141.429
80
62.8571
18.5714
22.5714
8.42857
63.2857
32.4286
76.7143
84.1429
5.28571
44
55.1429
81.1429
12
7.14286
37.5714
122
48.2857
92.5714
73.1429
81.5714
122.143
23.4286
42.7143
69.7143
140.429
0.571429
91.7143
9.14286
113.857
92.1429
83.2857
46.8571
79.7143
33.7143
56.8571
112.714
63.7143
83.2857
28.7143
134
137.857
25.1429
23.8571
35.4286
11.8571
33.2857
72.1429
122.714
22.5714
140
142.429
1.42857
124.857
1.28571
9.42857
98.5714
79.1429
142.143
112.286
95.4286
102.143
121
4.71429
13.1429
10.2857
7.28571
96.5714
7.85714
97.5714
12.1429
11.1429
23.1429
31.1429
94.8571
105.571
65.4286
11.7143
108.857
93
45.4286
29.1429
129.571
53.1429
76.2857
56.5714
83.1429
134.143
77
32.1429
104.286
69.8571
81.5714
98
36
14.5714
61.4286
50.1429
2.14286
64.8571
91.7143
56.1429
60.1429
77.4286
67.5714
123
110.143
25.8571
79.1429
117.429
136.143
102.286
141
24.7143
13.7143
75.2857
30.4286
136.571
116
66.5714
54
28.4286
81.1429
23.4286
80
109.571
63.5714
4.28571
34.2857
40.1429
1.57143
111.714
115.286
34.1429
123.429
54.2857
53.8571
47.8571
144.714
35
64.8571
89.2857
92.7143
18.2857
8.42857
18.1429
103.286
101.286
80
60.5714
8
103.714
16.5714
35.7143
26.7143
98.2857
110.143
70
70
73.5714
0.857143
29.7143
55.1429
36.5714
51.1429
59.7143
3.85714
146.286
0.571429
105.857
55.2857
9.42857
86.1429
50.5714
22.5714
136.143
45
112.714
53.4286
103.286
100.714
29.4286
63.5714
50.4286
14
87.4286
135.143
64.7143
128.857
143
134.857
104.857
114.714
6.14286
13
122
98.4286
90.2857
27.5714
24.4286
5.42857
73.5714
58.1429
43.7143
140.143
41.1429
45
80.7143
142.429
20.1429
29
111
15.5714
54.5714
40.1429
62.1429
28.7143
0.285714
76.4286
66.2857
4.14286
115
129.571
65
1
18.8571
71
12.1429
65.2857
8
1
49
82.4286
95.7143
18.5714
14.8571
130.286
28.7143
71.7143
138
112.286
136
124.286
101.714
126.143
35
90.8571
81.4286
105.286
110.143
40.2857
139
141.571
140.714
142.571
129.286
101.714
55.1429
66.1429
3.14286
8.57143
49.1429
99.1429
37.5714
18.1429
99.5714
10.8571
16.8571
49.2857
71.1429
71
88.8571
139.143
35.1429
73.8571
118.571
71.7143
114.286
124.143
125.714
89
82.1429
131.571
0.714286
121
11.1429
31.4286
113.714
42
22.2857
61.1429
32
43.1429
109.714
138
43.4286
128.429
83.5714
33.5714
73.1429
111.857
136.571
91.2857
77.5714
34.7143
99.4286
108.857
120.143
16
68.4286
142.429
128.714
24.5714
101.143
105.143
135.714
37
27.5714
26.7143
47
122
49.7143
39.2857
97.2857
56.7143
137.429
145.857
48.8571
67.7143
126
23.4286
136.143
3.71429
122.429
105.857
17.1429
125.429
63.4286
115.714
8
29.1429
27.2857
58.5714
108
45.2857
134.571
66.1429
97.1429
68.4286
127
4.14286
33.7143
108.857
35.8571
54.5714
131.571
31.2857
14.5714
85.1429
98.4286
142.143
78.8571
116
82.8571
86.2857
6.14286
21.4286
56.5714
85.4286
7.42857
32.4286
47.7143
119
63.8571
16.7143
6
49.2857
65.2857
62
90.1429
17.1429
16.4286
38.5714
111.286
4.85714
127.714
94.7143
138.143
5.57143
133.143
117.143
28
143.429
15.7143
106.571
12
59
119.714
108.429
118.286
85.8571
105.286
24.1429
122.143
76.5714
20
85.4286
124.571
14.5714
6.85714
46.7143
98.4286
57.5714
90.1429
143.286
82.2857
35
73
67.1429
58.4286
94.5714
87
66.4286
28.1429
89.7143
86.1429
139.714
84.1429
118.571
6
108.714
53.7143
102.857
2.42857
47.5714
66.5714
56
101.429
106.714
117.571
4
144.429
68.1429
43
137.714
54.7143
113.857
135.429
46.1429
5.42857
106
37.7143
57.8571
116.857
108.286
90.7143
79.1429
66.5714
138.714
105.286
120.143
138.714
9.28571
68.8571
14.4286
23.5714
121.143
57.1429
136.714
12.5714
7.42857
145
137.429
1.57143
89
44.8571
2
136
105.429
82.2857
102.714
129.857
123.714
145.857
142.429
105
44.7143
103.857
116
101.571
120.429
108
113.429
56.1429
5.14286
24.4286
71.5714
98.1429
37.1429
70.4286
29.1429
110.286
64.4286
144.286
33.8571
55.4286
10.8571
29.7143
24.2857
58.4286
64.4286
98
70.2857
127
98.2857
111.143
122.143
8.71429
59.8571
50.5714
5.85714
123
3
30.8571
100.429
104.286
69.2857
126.571
28.5714
107
116
145.857
114.429
81
58
124.571
105.857
118.429
76
118.429
90.4286
38.7143
137
140.571
145.857
60
88.7143
140.857
93.1429
2.71429
106.714
130.143
54.8571
134
82.7143
53
135.714
104.429
99.2857
84.7143
127.286
134.857
17.1429
104.429
94.1429
11
127.571
37.2857
114.286
86.7143
48
95.2857
16.1429
98.5714
114.286
101.286
57.7143
53.4286
82.4286
105.429
108
39.8571
72
27.8571
59.5714
48.1429
3.28571
117.571
60.7143
100.857
72.7143
109.571
117.714
67.2857
51.7143
131.571
61
17
44.2857
37.5714
41.5714
69.5714
23.1429
75.8571
103.857
24.5714
23
80
12
14.7143
142.571
83.8571
139.714
1.85714
50.5714
80.8571
28.4286
28.2857
51.5714
105.714
85.4286
66.1429
43
57.1429
104.143
130.714
16.5714
57.4286
18.4286
30
94.2857
67.8571
83.5714
101.143
53.4286
128.571
22.5714
118
84.5714
119
2.28571
73
92.4286
74.8571
76
135
84.7143
124.857
69.1429
139.286
13.2857
112.286
51.5714
48.8571
124.857
129.143
124.571
55.5714
85.8571
58.5714
50
33.7143
57.5714
141.286
80.7143
143.857
101.857
85.5714
93.4286
18.7143
14.5714
16.1429
106.714
140.429
3.85714
6
45
27.7143
118.571
67.1429
35.1429
91.2857
42.7143
9.14286
23
21.5714
78.4286
44
132.857
81.8571
51.5714
107.286
4
96.5714
74
54.2857
82.2857
89.7143
56.1429
23.7143
117.714
41.4286
57.2857
106.857
26
53.4286
143.857
36.4286
90.4286
77
47.5714
22.5714
24.4286
104.143
62.5714
46.4286
138.429
33.1429
18.8571
8
20.5714
72.2857
83.1429
109.571
119.286
65.1429
51.7143
108
61.7143
61.7143
30.2857
59.2857
114.714
101
61
55.8571
135.714
3.14286
131.714
98.7143
24.8571
13.5714
118.143
49.1429
46
25.4286
76.1429
96.2857
13.1429
46.7143
4
23.7143
47.7143
130
137.429
14.8571
111.286
144.714
139.571
98.5714
81.2857
71
63
109.286
46.2857
82.1429
123.429
38.5714
123
132.143
106
49.2857
47.1429
83.5714
56.4286
120.286
56.1429
84.7143
15.5714
106.571
83.5714
120.143
2
4.14286
92.1429
122.143
82
22.4286
49.8571
35.5714
113.143
43.8571
115.286
103
130.857
15
81.8571
59.1429
106.857
17.2857
74.7143
46.2857
120.857
109
130.143
31
126.571
1
55
133.429
30.5714
109.857
111.571
70.7143
61.7143
98.1429
130.429
138.143
10.8571
99.7143
93.8571
98.8571
107.571
28.2857
65.5714
36.1429
112.429
137.143
28.1429
31.7143
90.8571
25.4286
122
25.7143
3.71429
139.286
15.5714
93
64.5714
99.1429
144.857
94.7143
43.8571
49.2857
85
93
14.1429
81.8571
31.2857
54.2857
93.4286
139.571
34.2857
25.7143
45
69.4286
70.8571
130.429
126.143
10.8571
50.4286
97.1429
97.2857
16.1429
54.8571
124.143
119.857
72.7143
119.571
13.8571
111.714
29
37.5714
118
63.1429
94.8571
67.5714
18.1429
49.8571
95
59.5714
106.429
122
109.286
21.2857
30.5714
60.2857
105.429
28.8571
136.143
59.7143
138.286
105.714
108.143
54.8571
32.1429
12.8571
22.4286
3.71429
54.2857
42.1429
30
8.28571
61.2857
128.714
130.143
20.8571
47.7143
56.2857
36.4286
9.28571
55.2857
111.143
24.5714
128.714
57.1429
138
106.429
84.7143
145
68.8571
11.4286
36.5714
73.2857
75.8571
11.1429
123.143
22
65.2857
85.7143
16.1429
25.5714
53.2857
32.8571
4.42857
98.1429
129.714
129.857
61.8571
86.8571
105.857
115.857
69
116.143
130.714
39.8571
61.1429
88.1429
90.8571
24.4286
102.286
139.429
97.7143
78.5714
85.7143
16
50.7143
98.5714
102.286
19
68.4286
141
126.286
131.857
50
116.857
133.714
122.286
139
39.8571
118
4.57143
57.7143
12.2857
69.2857
49
19
28.7143
79.8571
104
114.286
60.8571
39.7143
97.7143
89.4286
21.1429
33.1429
96.4286
67.7143
23.7143
138.429
136.714
86.4286
91.2857
113.571
17.1429
0.571429
22.2857
56.1429
31.2857
18.8571
23.2857
37.1429
121.571
122.286
142.286
59
135.571
27
89.5714
137
72.2857
70.2857
0.571429
27.4286
104.143
101.714
19.1429
59.2857
94.1429
70.1429
78.7143
40.5714
106.286
122.429
70.5714
98.4286
114.857
85.7143
131.857
97.7143
100.429
13.8571
135.571
53.4286
92.7143
140.714
110.143
15.5714
14.4286
41.5714
75.8571
108.857
31.8571
33
115.571
143.286
30
112.714
31.2857
136.286
129.429
86.2857
54.5714
96.7143
36.7143
103.143
132.286
2.14286
73.7143
145.286
48.4286
65.1429
90.4286
133.143
91.1429
14.2857
97.4286
30.2857
26.2857
120.429
113.429
21
100
81
97.1429
15.1429
39.2857
78
106
34.2857
100
5.28571
115.143
68.5714
115.286
98.1429
107.714
26.8571
113.143
91.7143
38.7143
67.4286
13.1429
133.286
111.714
31.1429
115.286
145
69.1429
76.7143
99.1429
67.2857
76
3.57143
20.1429
80.5714
23.1429
91.2857
48.7143
51.4286
57.1429
132.714
37.4286
68.7143
48
45.2857
42.4286
71.4286
130.571
99.8571
71.2857
132.714
98.1429
117.714
54.4286
117.857
80.4286
9.57143
50.1429
13.5714
49.8571
41.5714
141.429
46.7143
23.5714
102.714
80.8571
55.7143
61.2857
127.429
65.4286
52.1429
109.857
22.2857
28.4286
86
128.857
106.143
142.143
91.5714
134.429
36.5714
131.571
117.143
95
46.4286
120.571
47.5714
120.714
20
130.143
124.429
120.143
63.8571
64.1429
40.8571
38.5714
49.8571
7.85714
24.2857
117.714
52
82.7143
6.71429
144.429
125.143
40.2857
6.28571
52.5714
137.571
58.5714
29.7143
85.8571
57
55.1429
94.8571
117.286
115
97.7143
21.8571
135.143
85.2857
46.8571
45.8571
15
60.7143
124
84.8571
114.571
105.286
36.7143
81
4.71429
23.8571
17.4286
54.7143
94.1429
46
106.714
24
19.8571
92.2857
93
107.286
13.8571
12.8571
121.857
57.7143
26.2857
83.2857
94.7143
78.2857
92.1429
125.286
29.5714
7.57143
130.714
20.1429
80.8571
18.7143
31.7143
9.57143
43.8571
106.714
54.1429
122.143
4.71429
104.714
109.857
74.5714
44.1429
106.714
23
140.143
36.4286
53.8571
27.4286
110.429
88.2857
55.4286
34
60.7143
126
19.1429
50.1429
29.7143
81.1429
3.42857
37.2857
143.286
45
33
67.1429
9.42857
114.286
35.5714
100.714
61.8571
108.286
16.8571
5.42857
103.857
42.1429
146.143
121.143
87.1429
39.1429
94.8571
3.85714
73.1429
84
75.5714
15.1429
91.2857
7.14286
24
137.571
29.5714
120.143
107.286
140.714
134.286
69.5714
105.286
10.8571
9.57143
123.857
50.5714
28
64.1429
32.4286
143.571
73.5714
112.143
58.5714
101.429
9
103.714
43.1429
97.4286
52.4286
98.2857
25.1429
25.5714
34.8571
142.857
59.1429
50.1429
101.286
143.286
7.28571
38.8571
10.8571
56.7143
126.857
133.429
139.429
106
16.1429
85.7143
105.571
141.571
125.143
43.2857
114.857
15.7143
127.714
19.8571
38.2857
0.142857
56.2857
140.857
59.8571
51.2857
31.8571
48.8571
101.143
121.714
84.1429
131.143
74.7143
11
109.286
14
39.5714
40.7143
119.286
90.1429
91.8571
39.1429
111
27
75.1429
80.5714
86.1429
72.8571
142.714
76.4286
70.2857
11
41.5714
88.5714
11.8571
105.429
130.429
0.857143
11.7143
39.1429
4.57143
133.571
119.571
73.2857
106.857
99.5714
122.571
35.5714
113
3.28571
10.4286
33.4286
144.857
73.5714
49.2857
110.286
59.7143
39.8571
139.429
78.8571
94.5714
64
70.8571
118.143
90.8571
28.7143
73.7143
57.1429
4.71429
87.2857
98.5714
139.714
36.7143
88.8571
109
51.7143
15
49.4286
134.714
31.2857
27.8571
79
146
82.4286
83.7143
87.4286
5.14286
56.5714
93.8571
89.4286
113.286
130.143
135.143
98.5714
92.7143
2.14286
23.4286
146
19
22.5714
79.8571
91.1429
48.5714
102.714
134.429
93
89.8571
24
17.7143
34.4286
139.143
4.28571
95.7143
38.5714
59.5714
130.714
52.7143
47.5714
67.7143
115.429
140.571
95.7143
85
68.2857
51
87.1429
27.5714
8.42857
35.1429
95.8571
16
76.7143
100.714
10.5714
0.428571
75.8571
3.71429
47.8571
6
18.7143
83.7143
138.857
63.5714
33.1429
127.286
16.4286
83.4286
8.85714
116.286
130
99.5714
12.8571
106.286
137.571
33.8571
113.429
15.8571
16.7143
126.429
99.5714
127.857
48
139.714
90.8571
25.2857
65.7143
3.14286
104
21
72.4286
41.4286
2.57143
110.286
83.4286
57.2857
121
145.857
76.4286
57.4286
67.8571
116.286
8.71429
62.1429
130.714
100.143
76.8571
32.8571
111.857
100
74
139.571
21.7143
53.5714
101.714
114.571
2.57143
24.1429
103.571
39.7143
28.1429
42.8571
59.2857
144.143
141.571
80.2857
103.714
42.8571
49
94.5714
60
11.7143
125
140.143
5.57143
110.571
57.8571
19.7143
143.429
70.2857
123.429
42.2857
99.7143
20.7143
26.1429
106.714
138.571
10.7143
118
59.8571
55.8571
13
53.5714
139
127.429
59
100.429
42.2857
76
23.2857
104
1.42857
30.5714
79.5714
96.4286
20.8571
92.1429
46.4286
30
125.143
43.4286
63.4286
145.286
64.4286
5.42857
119.143
18.5714
39.5714
106.571
143.143
72.4286
23.7143
57.8571
56.7143
17
38.2857
32.2857
17.7143
63.1429
129.857
89.2857
72.4286
85.2857
111.714
118.571
2.28571
87.5714
125
142.429
34.1429
74.7143
11.8571
16
0.714286
99.8571
37.4286
53
86.5714
95
0
38.4286
0.714286
39.2857
15.5714
41.4286
82.7143
127.714
98.4286
25.5714
62.5714
120.143
85.2857
6
42.4286
133.429
0.285714
94.2857
50.5714
10
10.5714
123
16.5714
126
95.7143
51
96.8571
127
46.1429
7.57143
112.571
19.1429
29
24.2857
35.5714
93.5714
68.7143
0.142857
65
62.5714
35
22.7143
141.714
20.7143
46.4286
66.2857
6.57143
29.4286
63.2857
101.714
126.286
124.857
44.2857
81.5714
16.7143
78.8571
127.429
99.4286
56.4286
1.71429
112.714
144.857
13.2857
37.8571
132.286
96.4286
43.2857
101.714
145.571
7.42857
70.8571
39.8571
77.2857
124.429
137.286
11.1429
57.4286
137.143
114.286
74.1429
31.5714
44
55.5714
50.8571
63.8571
104.143
128.286
9.14286
70.2857
9.14286
80.4286
6
19.2857
65.2857
129.571
52.4286
71.2857
56.8571
18.4286
6
128.286
61.5714
74.1429
38.4286
73.2857
81.4286
143.571
114.857
87.1429
24.1429
0.571429
43.8571
3.71429
60.2857
33.4286
44.4286
0.571429
96.2857
67.5714
86.2857
109.429
19.2857
11
57.1429
85.8571
58.2857
117
21.4286
117.571
80
54.1429
107.857
130.571
85.2857
124
117
111
26.7143
56.7143
6.28571
56.1429
29
97.8571
92.7143
144.714
72.5714
19.1429
17.1429
136.143
11.1429
79.4286
120.571
70.7143
124.286
67.4286
11
99.4286
21.7143
18.8571
129.857
41.8571
113.714
7.57143
56.7143
20.8571
80.7143
66.1429
111.857
42.5714
136.286
108.143
2.14286
79.8571
94.2857
50.2857
2
105.429
64
74.4286
83.7143
109.286
33.7143
36
130.714
144.286
119.571
91.4286
73.4286
73.2857
84.5714
86.4286
57
120.143
39.8571
118
7.42857
68.2857
117.429
96
81.7143
102.429
90
47.5714
59.8571
60.2857
91.5714
144.143
72.2857
69
98.4286
16.8571
9.28571
55.1429
117.143
30.8571
55
142.143
13
0.571429
100.429
91.4286
7.85714
74
134.429
132.143
104
92.1429
39.4286
145.857
46.7143
54.7143
9.71429
133.714
87.1429
111.143
61.7143
126.429
114.714
14
70.8571
125.143
17.4286
45.7143
50.4286
42.4286
11.4286
77.7143
76.8571
121.571
25.8571
76
0.142857
34.5714
57.4286
86.7143
32
56.7143
36.8571
17.8571
28.5714
79
79.7143
142.429
100.857
78.1429
86.5714
34.5714
116.286
34.1429
26
102.143
19.1429
0
31
124.714
118.429
69.1429
118.571
129
125.429
36.4286
23.8571
97.7143
63.4286
124.429
145.571
11.4286
76.8571
94
92.7143
46
54.4286
38
81.7143
49.2857
45.2857
85.2857
136.286
77.1429
101
49.7143
65.7143
38.5714
123.857
89.5714
122.571
13.8571
30.7143
62.1429
23.5714
42.2857
86.7143
81.1429
81.8571
49.2857
70.1429
86
108.286
108.714
104
90.5714
130.857
117.857
125.286
132
107.857
112.714
52.7143
87.5714
62.7143
102.714
120.286
89.1429
101
123.429
109.143
124.571
72.2857
125.429
142.857
10.2857
137.571
76.5714
54.7143
77.2857
70.5714
145.857
4.85714
3.28571
131.857
124.143
138
109.714
121.857
91.1429
46.1429
96.7143
19.2857
36.5714
97
88.4286
51.2857
77.4286
65.1429
112
78.5714
133
44.2857
43.4286
0.714286
59.1429
125.429
128.571
54.7143
89.7143
48
63.7143
55.4286
78.1429
91.1429
40.8571
61.5714
15.5714
4.71429
129.857
84.8571
58.7143
104.857
41
40.5714
16.1429
94.7143
15.5714
74.2857
20.8571
30.4286
43.5714
12.5714
61.4286
74.2857
34.4286
127
94.7143
31.8571
122.429
21.2857
24.7143
9.57143
12.4286
57.8571
65.4286
15.8571
141.143
97.4286
114.714
31.1429
72.8571
118.714
19.7143
106.143
144.857
4.71429
25.5714
29.2857
27.8571
33.8571
50.2857
49.4286
136.286
138.143
137.714
131.286
31.4286
0.142857
115.571
123.286
64.8571
80.4286
60.1429
118.143
109
143.714
96.2857
3.14286
19.8571
66.7143
95.8571
47.5714
59
100.714
58.2857
54.1429
68.4286
145.857
136.714
110
53.1429
39.5714
25.1429
75.2857
4.14286
39
67.5714
72
62.7143
118.286
103.714
23
91.1429
38.8571
125
19.2857
28.4286
46.2857
83.1429
41.1429
63.4286
22.8571
139.286
78.7143
14.5714
134.571
44.8571
37.1429
138
8.71429
26
22.5714
99.2857
139.857
62.4286
145.429
73.2857
87.2857
75.5714
117
84.8571
34.8571
103.143
134
128.143
90.1429
109.286
24.4286
106.857
123.571
28.4286
52.5714
129.571
95
70.4286
106.143
69.1429
92.7143
54.5714
68.7143
32.1429
120.286
44.4286
114.143
89.7143
19.1429
35.4286
57.4286
95.2857
13.4286
4.85714
127.429
112.286
92.4286
86.4286
65.7143
23
37.1429
89
95
19
95.7143
132.857
25.7143
23.1429
43.7143
51.4286
12.5714
130.714
74.1429
91
81.4286
59.1429
25.4286
28.7143
83.7143
41.1429
141.571
52.4286
4.57143
43.5714
48
79.5714
30.7143
97.2857
9.28571
102
88.4286
141.857
68.7143
91.2857
89.2857
97
36.8571
96.7143
38.1429
46
135.429
72.2857
54.1429
40.7143
111.714
110.143
93.2857
39.2857
95.1429
32.4286
131.857
23.4286
54.5714
132.429
77.2857
122.286
67.2857
10.4286
113.857
63.2857
119.143
113.714
113.714
29.4286
138.571
54.4286
110.429
15.4286
115.429
134.714
74.1429
136
135.571
6.85714
127.714
17.8571
6.85714
101.429
41.7143
5.85714
30.4286
43
95.2857
40.1429
89.7143
86.5714
15.5714
16.4286
9.57143
17.2857
25.2857
109.286
126
32.5714
100.714
61.1429
142.714
10.5714
35.2857
120
103.857
88.5714
55.5714
22.8571
22.1429
110.857
58.5714
31.8571
71.5714
11.8571
81.7143
63.4286
55.4286
109.857
37.1429
32.1429
69
89.4286
74.8571
63.1429
39.1429
89.5714
56.4286
107.286
98.1429
119.714
102.714
79.4286
39.2857
39.5714
90.5714
71.5714
15
22.4286
122
83.1429
146
143.286
23
4.28571
121.143
142.429
9.14286
98.7143
17.4286
69.2857
77.8571
140.714
40.2857
103.286
132.714
98.4286
98.7143
21.7143
130.286
9.85714
14.7143
130.571
97.1429
11
8.42857
18.2857
20.1429
64.8571
69.5714
79.8571
49.2857
33.4286
37
53.5714
139.571
64.7143
32.7143
133.143
120.714
69.2857
131.857
126.286
133.857
9.57143
118.286
142.571
146.286
24.5714
59.8571
100.286
112.429
133.286
85.5714
33.5714
133
138
12.7143
35.8571
60
67.5714
142.857
18.1429
128
108.571
50.7143
26.1429
2.71429
130.286
47.1429
143.571
70.2857
146.286
108.714
107.714
51.2857
81.4286
53.4286
22.8571
2.71429
107.857
7.28571
111
77.4286
137
15.1429
27.8571
36.4286
89.2857
85.7143
110.429
82.2857
118.714
7.28571
141.571
120
38.2857
18.5714
28.7143
28.8571
37.8571
50.5714
106.143
17.7143
12.7143
12.1429
81.5714
21.1429
142.429
111.429
60.8571
94.2857
113.286
109.857
42.8571
23.2857
44.1429
4.14286
72.8571
7.42857
18.7143
43.4286
43.2857
34.7143
39.1429
119.857
56
22.8571
39.5714
131.714
99.5714
96.2857
143.571
133.143
38.4286
37.5714
127.571
138
16.7143
31.2857
53.5714
38.2857
72
14.5714
14.1429
17.5714
134.571
24.4286
91.1429
45.4286
84.1429
9.42857
132.143
66.1429
3.42857
81.8571
23.7143
115.286
52
56.4286
2
84.4286
55
35.1429
137.714
34.7143
10.5714
5.71429
18.4286
120.286
131.571
140.286
31.4286
104.286
75.5714
9.85714
14.8571
32
73.2857
88.1429
8.42857
47
25
109.857
130.143
111.714
75.5714
29.8571
40.1429
6.28571
51.4286
62.7143
138.286
81.1429
75.2857
21.4286
79.4286
137.714
40.1429
1.57143
2.42857
99.1429
98.2857
43
88.2857
55.2857
33.5714
113
79.4286
105
88.1429
142.429
45.7143
6
95.4286
116.857
90.8571
76.5714
132
43.7143
127.429
9.42857
42.5714
110.286
35.8571
86.4286
127.857
32.1429
107.286
36
59.8571
33.8571
42.1429
1.57143
121.286
86
10
10.7143
111.571
139.857
119.429
99.1429
40.2857
43.5714
75.4286
127.714
112.286
92.4286
2.57143
65
124.143
75.4286
101.857
0
93.8571
41.1429
67.5714
20.8571
100.143
101
129.143
125.714
87.1429
53.7143
28.7143
118.714
46.2857
101.857
83.7143
13.8571
125.143
105.143
112.857
112.714
132
12.2857
54.5714
107.714
124.143
1
85.5714
110.714
66.2857
139
7.28571
43.1429
42.4286
70.5714
109.286
4.71429
101.286
44.7143
133.143
124
45.8571
60.8571
62
80.2857
64.1429
16
109
32.8571
102.429
131.429
112.857
8.14286
86.5714
51.7143
139.143
9.42857
108.286
50.8571
40
25.4286
51.8571
40
108.714
9.85714
98.5714
54
94.1429
91.2857
23.1429
53
35.8571
143.571
104.286
138.857
24.5714
35.2857
16.4286
90.7143
80.1429
111.286
138.571
87.1429
92.8571
25.4286
119.857
93.7143
139.571
113.714
108.571
59.8571
76.7143
144.429
94.8571
90.4286
10.5714
125.714
122.714
46.5714
40.1429
112.429
126.429
88.7143
109
57
44.1429
17.5714
29.5714
48.1429
102.714
101
80.7143
79.8571
110.571
76
101.714
27.1429
79.2857
137.143
84
45.2857
97.8571
80.7143
56
128.429
142.571
90.8571
110.429
101
13.5714
45.8571
36.4286
121.571
5
53
127.714
109.571
16
64.4286
105.857
121.714
18
30
113.429
119.571
136
140.571
117
116.143
47.5714
114
66.4286
84.4286
120
82.4286
37.8571
15.8571
76
69.2857
21.7143
19.7143
61.8571
120.571
91.2857
106.143
61.4286
46.7143
75.2857
36.8571
117
4.42857
64.8571
36.7143
99.5714
77.8571
111.286
65.7143
83.1429
78.2857
46
3.85714
18.5714
27.5714
101.429
144.286
5.85714
126.857
20.1429
61.8571
121.857
101.429
142.429
36.1429
42.5714
117.286
0.857143
110.429
36.4286
117
10.5714
84.2857
53.5714
67.8571
86.2857
74.7143
42.1429
77
77.5714
99.1429
60.4286
73.2857
17.2857
76.7143
66.1429
93.4286
3.71429
70.5714
87.4286
31.8571
71.4286
2.71429
10.1429
86.8571
81.1429
78.5714
91
100
71.2857
112.286
48.5714
80.8571
63.2857
124.286
60.8571
116.857
128
21.1429
50.4286
95.1429
90.5714
41.2857
82.5714
78.4286
70.7143
60.1429
51.4286
35.8571
85.1429
69.1429
54.1429
138.571
43.2857
103
131.857
101.143
94
13
124
61.7143
103.143
23.8571
131.571
118.714
8.14286
118.571
0.285714
93.8571
81.5714
20.4286
98.1429
115
7.71429
96.2857
124.857
122.714
42.1429
43.1429
38.5714
61.4286
0.571429
132.714
91.5714
132
4.57143
89.7143
57.2857
25.8571
82.5714
64.8571
134.857
71.1429
105.429
115.857
92.7143
60.7143
126.429
86.4286
93.2857
11.7143
46.5714
141.857
102
44.5714
58.5714
76.4286
46.7143
21.2857
131.429
39.1429
31.1429
36
70.8571
31.7143
26
65.1429
90.4286
81.1429
22
101.143
14.7143
91.5714
36.1429
126
15.5714
144.571
135
82.8571
23.5714
126.571
64.1429
91.7143
56.4286
86
40
13.1429
95.4286
25.2857
112.143
96.1429
19.1429
137.286
102.571
24.2857
93
38.1429
56.8571
53.1429
85.8571
119.857
57.8571
53
71
30
122.714
134.714
2.57143
92.5714
56.5714
6.14286
136.286
116.286
143.571
68.2857
78.2857
86.5714
112.714
79.1429
50.8571
66.2857
42.8571
7.14286
46.7143
62.7143
109.429
38.8571
94.4286
73.5714
1.28571
144.143
130.714
145.857
98.7143
121.714
77.4286
39.4286
5.57143
99.4286
146.286
17.8571
56.1429
20.4286
88.1429
12.7143
42
11.1429
131.286
123.286
18.8571
84.2857
83.5714
92.2857
102.571
80.4286
54.7143
55.7143
120.857
7
23.4286
131
58.8571
18.8571
1
64.2857
21
37.5714
77.1429
43.1429
126
88.5714
25.2857
45.1429
82.4286
93.1429
9.14286
136.714
136.429
89.2857
32
128
91.5714
86.7143
112.286
80.4286
8.71429
127.143
83
124.857
139.714
83
54
122.429
51.2857
27.4286
129.143
121.571
60.4286
41.1429
29.4286
54
103.714
86.5714
21
72.1429
36.8571
112.143
95.2857
134.714
4.85714
93.8571
110.857
103.429
30.1429
60.5714
7.85714
65.1429
20.8571
29.4286
113.714
71.2857
93.5714
39
129.714
31.8571
27.1429
134.286
144.571
63
93.5714
9
137.143
4.57143
78.1429
29
138
91.1429
28.5714
44.7143
59.8571
48.1429
5.71429
28.7143
28.2857
109.143
34.7143
73.4286
136.857
23.7143
11.4286
37.7143
54.1429
54.8571
126.857
28.7143
136.429
78.4286
105.571
103.714
50.1429
139.714
62.8571
26
66.5714
53.8571
117.714
37
39.1429
146.143
91.1429
76
85.2857
113.571
19.2857
133.714
110.714
6.42857
88
103.857
59.2857
141.286
93.5714
29.4286
23.8571
22.7143
25.5714
131.143
8.42857
89.8571
37.4286
51
51.7143
101.143
133.571
124.714
7.14286
130.143
59.7143
42.1429
17.2857
64.4286
36.8571
27.1429
36
61.7143
124.571
124.286
32
14.8571
88.4286
73.2857
4.57143
98
135.714
122.714
76
139.286
75.8571
51.5714
75.2857
143.429
93.1429
33.8571
5.28571
42.8571
106.286
96.8571
73.5714
90.1429
114.429
37.2857
19.1429
64.2857
64
83.1429
98.7143
137.857
32.8571
80
109.286
123.571
32.4286
92.8571
127.286
88
99.2857
39.2857
33.1429
45.4286
58.8571
11
138.714
71.8571
18.8571
11.7143
121.429
7.71429
146
112.143
11.4286
22.2857
137.286
86.5714
62.7143
109.857
121.571
60.7143
128.571
82
120.429
23.2857
12.2857
118.143
115.857
92.8571
62.2857
75.1429
4
29.7143
108.714
61
128.571
21.1429
71
89.7143
89.5714
46.4286
105.429
104.571
44.5714
127.143
86.2857
76.5714
36.7143
36.5714
85.7143
113.286
106.143
7.57143
29
135.143
103
33.2857
57.7143
138
23.8571
47.5714
105.571
103
113.571
140.714
115.571
119.714
56.7143
5.28571
117.429
34
47.2857
107
25.8571
64.8571
122
5.14286
43.5714
43.5714
98.1429
102.571
97
52.1429
127.143
24
80.7143
23
68.7143
118.714
71
110.714
112.429
15.4286
43.4286
2.14286
145.286
14.4286
121.286
102.286
143.429
103.571
8.28571
119.286
20
99.8571
27.1429
11.7143
33.1429
137.429
2.85714
68.8571
92.7143
131
43.5714
127
76.2857
11.4286
54
0.714286
26.2857
79.8571
76.2857
34.2857
67
134.857
30.1429
109.286
65.5714
136.714
89.8571
84
18.8571
116
130.857
36.2857
51.8571
140.143
27
115.571
80
103.143
2.28571
94.1429
13.4286
39.2857
89.5714
27.1429
63
79
79
91.4286
50.1429
67
31.4286
124.143
78.7143
11.7143
144.286
94.7143
40.2857
17
79
92.1429
125.286
31.4286
73.8571
141.429
115.429
129.571
23.4286
42.1429
63.4286
143.143
10
122.714
70.4286
118.286
13
94.5714
121
123.714
72
97
15.8571
27.1429
125.286
90
1.85714
77.4286
87.2857
6.85714
31.2857
123.143
62.1429
69.4286
92.2857
79.5714
73
130
108.286
51
85.1429
131
6.57143
138.143
64.5714
92.1429
114.571
139
142.429
14.8571
71.2857
99.5714
12.4286
45.5714
139.857
105.857
13.7143
142.857
28.1429
93
102.714
106.429
62.2857
124.286
92.7143
24.8571
74.1429
112.571
10.1429
65.2857
145
94.2857
68.2857
43.2857
3
27.1429
134.429
5.71429
54.2857
94.5714
109.714
143
98.5714
58.5714
118.857
40.4286
0.714286
103.714
27.4286
138.857
140
50.8571
29.1429
2.42857
90.7143
53.7143
2
56.2857
135.286
67.2857
130.571
82.2857
141.286
91.1429
27.7143
105
61.8571
130.429
124.857
93.5714
28.8571
49
83.1429
4.57143
19.2857
110.429
72.5714
96.2857
116.571
33.7143
124.286
5.42857
103.286
142.429
105.714
97.5714
135.857
6.14286
131.857
26.5714
141.571
79.2857
9
97.8571
56.4286
85
117.143
137.286
135.286
102.857
141.571
66.1429
102
4.42857
142.857
105.857
9.14286
0.714286
88
28.5714
61.4286
121.714
40.4286
28.7143
42.1429
66.5714
33.4286
5.42857
17.8571
10.2857
20.7143
29.2857
6.28571
90.2857
46.4286
95.4286
84.8571
54
107.857
22.2857
95.2857
109.143
76.5714
12
124.714
20.4286
13.7143
127.714
44.5714
131.857
144
2.42857
60.5714
92.5714
30.8571
131.286
11
24.2857
46.8571
128.571
53.2857
33
14.7143
77.7143
29.8571
94
110.429
143.571
53.4286
46.5714
144.143
15.8571
35.5714
92.7143
53.7143
71.5714
9.85714
90
81.8571
118.857
4
103
20
121.714
127
30.1429
129
18.4286
138.857
2.85714
144.571
75.8571
43.7143
93.5714
82.5714
119.429
140
26.8571
2.42857
79
14.7143
35.7143
1.85714
5
111.571
76.5714
106.714
40.5714
38.5714
140
58.8571
66.8571
5.71429
33
129.429
116.857
47.4286
85.1429
141.714
65.8571
44.8571
61.1429
112.714
112.857
22.5714
17
136.143
26
41.8571
34.4286
52.5714
121
79
74.5714
113.857
103.429
138.286
17.4286
61.8571
73.2857
137.429
7.85714
42.5714
15.8571
83.4286
106.714
96.7143
82.4286
118
62.2857
111.429
111.429
0
31
101
127.714
93.2857
106.143
6.28571
23.5714
102.143
48.4286
48.2857
97.4286
2
127.143
109.429
42.2857
115.571
70.8571
108.714
106.857
2
55.1429
37.1429
104.286
53.7143
131.714
56
51.2857
143.714
107.429
133.429
86.8571
62.8571
122.143
41.8571
97.4286
129
44.4286
39.8571
134.857
26.2857
67.7143
22.2857
81.1429
53.5714
113.714
133
91.4286
4.71429
43
64.4286
135.857
130.429
137.429
131.429
83.7143
101.286
13.7143
70.4286
117.714
123.571
16.2857
103.714
136.714
74.4286
20
94.1429
65.8571
91.1429
143.857
58.7143
10
43.7143
24
68.4286
55.5714
131.429
140.429
106.857
123.714
107.429
103.571
118.571
101.714
81.1429
21.5714
50.2857
82.8571
42.4286
8.71429
119
17.1429
141.429
99.5714
117.286
37
74.7143
76.2857
30
142.429
8.57143
69.4286
116.286
105.857
139
67.2857
68.7143
84.2857
57.1429
113.571
28.8571
102.286
78.4286
48.5714
92.5714
17.5714
59.8571
144.286
29.4286
0.285714
62.1429
8.85714
118.429
141.429
59.2857
139.143
70.2857
74.2857
60.1429
136.714
17.7143
92
117.714
0.428571
48.7143
67.8571
111.429
125
108
13.5714
25.7143
6.42857
105.286
73.8571
87.2857
52.5714
30
104
59.1429
126
72.7143
125
127.714
123.857
61.2857
70.2857
111.857
10.7143
62.5714
38.5714
75.5714
108.857
117.429
24.4286
21.1429
36.4286
46.4286
65.1429
92.1429
53.8571
67.7143
44.4286
14.4286
18.5714
50.1429
134.286
72
53.7143
35.7143
67
143.286
115.143
131.571
52.7143
117.429
108
143.714
53.7143
10
86.8571
118
65
108.429
113
49
120.286
102
59.8571
92.1429
35.8571
12.8571
69.5714
51.2857
22.8571
62.5714
123.143
74.1429
33
60.1429
80.1429
24.8571
8.71429
7.14286
24.5714
68.5714
63.8571
7.57143
57.7143
60.7143
119.714
130.429
83.1429
66.5714
76.1429
66.1429
70.7143
37.5714
73.5714
104.714
37
88
144.286
23
47.2857
68.4286
12.5714
5.85714
75.7143
24.1429
21.2857
131.714
79
93.8571
56.2857
17
145.429
114.286
65.4286
120.714
29.2857
26.4286
65.4286
46.8571
92.8571
74.1429
79.5714
77.8571
111.143
91.2857
64.7143
119.857
134.143
12
35.7143
45.4286
42.5714
80.5714
1.57143
25.1429
142.286
115.429
132.429
21.5714
69.2857
144
18.5714
14.5714
101.714
144.857
44.7143
131
128
24.5714
70.1429
126.714
119.714
107.714
139.429
55.5714
0.142857
133.143
71
38
20.2857
54.7143
30.5714
87.4286
67.8571
111.143
49
102.571
83
62.1429
31.7143
111.429
140.143
1
36.4286
63.5714
33.5714
93.4286
41.4286
72.4286
99.4286
109.143
86.2857
94.7143
106.143
49.8571
112
119.286
9.28571
29.1429
127
100.571
17.1429
61.1429
61.7143
72
46.1429
103.571
0.857143
130.571
8.57143
65.8571
54.8571
131.714
31.1429
134.143
56.1429
1.42857
9.14286
119.857
38.5714
54
53.1429
121.429
133
34.5714
65.1429
0.142857
61.7143
39.2857
55
0.142857
63.2857
47.5714
82
66.5714
5.85714
139.429
131.429
85.2857
62.8571
82.5714
127.286
124.286
13.1429
20.4286
115.286
85.5714
67.7143
47.4286
21.7143
29.1429
93.8571
118.857
32.2857
129.571
25.4286
96.5714
80.8571
5.71429
142.286
82.1429
120.571
53.8571
70.1429
115.429
92.5714
62.5714
93.7143
79.4286
109.429
4.57143
81.1429
15.8571
110.571
18.1429
82.4286
89
132.286
36
17.2857
48.1429
139.857
118.286
34.7143
83.4286
9
112.143
75.5714
76
15.2857
10.4286
125.429
18
113.429
113.714
115.571
53.2857
15.8571
84.1429
50.8571
32.4286
125.286
31
110.143
35.7143
20.5714
38
87.5714
0.857143
29.4286
104.143
59.4286
53.5714
59.4286
37
70.1429
123.429
8.14286
128.143
94
118.714
103.429
52.4286
9.14286
122.286
21.4286
45.5714
92
98
26.4286
123.143
112.143
81.2857
106.429
112.571
5.14286
53.5714
109.571
97.2857
53.4286
49.1429
113.714
36
122.286
70.2857
146.143
96
18
64.2857
6.57143
23.4286
95.2857
20.2857
56.4286
93.8571
13.2857
5.14286
49.4286
79.1429
132.143
140.429
77.7143
76.7143
8
73.4286
56.1429
125.857
109
32.8571
142.143
51.7143
93.4286
48.4286
40
92.4286
67.1429
11
95.7143
86.4286
92.1429
86
37.8571
3.42857
41.4286
86.1429
123.143
17.5714
140.857
93.4286
29.4286
58
115.143
124.286
46.8571
69.7143
110.857
77.8571
57.2857
32.7143
126
22.1429
87.2857
112.429
94.7143
16.8571
128.714
23.7143
124.571
10.7143
114.143
22
119.571
0.857143
79.5714
55.7143
106.429
103
5.57143
73.8571
12.2857
138.571
29.4286
74.4286
22.4286
82.4286
52.1429
4.42857
146
102.429
104.143
130.857
115.286
140.714
2.14286
139.571
19.8571
35
30
81.4286
5
142
66.2857
133.429
7.57143
7
4.85714
83.7143
87.7143
79.1429
84.8571
7.85714
69.5714
137.429
18.5714
127.143
44.2857
118.857
112.429
4.85714
60.8571
69.7143
124.143
84.4286
60.1429
144
144.143
42
49
130
55.2857
34.4286
85
91.5714
7
3.28571
31.4286
49.1429
88.2857
80
13.4286
102.571
86.2857
65.8571
93.2857
134.571
69.1429
2.14286
2.42857
110.857
39.4286
129.286
19.7143
128.857
134.286
72.5714
24.4286
4.71429
131.143
119.571
140.143
98.2857
10.2857
125.143
74.8571
74.1429
76
4.71429
89.4286
33
70.8571
112
133.286
31.2857
88.8571
139.143
81.7143
113
9
137.571
82
11
12.4286
53.4286
102.429
56.5714
48.1429
33.8571
9.71429
55.2857
78.2857
134.571
43
109.286
60.2857
108.714
54
87
53.4286
13.5714
17.4286
58.5714
66.7143
12.5714
27.4286
90.4286
106
34.5714
103.571
140
47.2857
35.5714
118.429
145.429
135.429
123.429
39
6.42857
15.4286
137.857
61.4286
131
43.4286
98.5714
4.14286
101.143
10.7143
103.857
39.8571
38.2857
74.1429
104.857
24.7143
22.2857
109.857
128.571
87.2857
4.85714
79.8571
74
11
33.8571
20.8571
134
141.571
32.1429
139.714
24.2857
69.5714
52.5714
123.857
48.7143
30.4286
124.571
136.857
71.1429
61.5714
96.8571
22
144.714
101.714
72.1429
55.8571
12.8571
80.5714
33.4286
21.2857
17.8571
53.1429
4.71429
14.2857
82.2857
23.8571
8.42857
134.571
77.2857
133.286
129.571
133.857
102.286
56.4286
37.4286
74.4286
83
126.571
18.2857
118.571
45.7143
26.8571
39.2857
46.5714
57.4286
106.286
115
142.857
101
91.7143
126.143
141.857
31.8571
19.4286
93.7143
2.57143
83.7143
140
33
74.4286
10.4286
128
97.7143
4.71429
33.2857
93.2857
44.1429
92.5714
32.4286
36
139.714
113
95.5714
84.7143
93
102.571
31.8571
127.857
136.714
110.429
108
45.4286
116.286
132.429
2.85714
9.28571
58.5714
53.1429
40.8571
135.857
28.5714
49.5714
12.2857
107.429
120.429
139.714
21.7143
47.1429
71
34.5714
76.5714
124.429
31
17.7143
76.8571
55.8571
63.7143
142.571
31.1429
37.1429
68.5714
89.4286
113.571
132.857
51.7143
40.8571
145.571
117.571
67.1429
99
128.714
9.42857
119.714
48
95.2857
110.714
146.143
132.857
50
11.8571
40.8571
120.857
20.7143
86.8571
24.8571
103.143
44.5714
106.429
111.714
34
103.143
50.5714
49.8571
15.4286
130.857
47.8571
28.1429
118.429
3.57143
88.7143
43.7143
11.7143
12.2857
122.429
72.1429
114.571
31.7143
105.714
56.5714
92.8571
6.71429
138
112
62
21.2857
129
98.2857
124.714
5.71429
62
37.5714
26.5714
60.2857
34.7143
139.714
14.1429
102.571
128.286
92.5714
120
70.8571
12.2857
0.857143
21.2857
27
34.1429
10.5714
99.4286
131.429
136.143
102.143
39
29.8571
98.4286
47.2857
78.1429
44.4286
87.7143
2.28571
51.2857
20
102.429
143.857
129.286
101.571
68.1429
38.2857
12.5714
41.8571
68.1429
52.5714
8.57143
51.1429
67.7143
27.1429
141.143
121.571
115
130.714
52.1429
24.8571
28.1429
13.5714
84.5714
12.7143
34.7143
9.57143
26.1429
104.143
35.7143
144.571
91.5714
94.5714
39.2857
93.8571
2
39
12.5714
97.4286
3.71429
33
67.7143
106.571
111
140.714
47.2857
126
16.1429
36.4286
70.7143
131.429
106.714
17.2857
118.143
41.5714
111.714
93.1429
44.8571
68.2857
126.286
6.71429
98.5714
143.429
63
137.714
57.2857
47.8571
106.714
62.5714
93.7143
26.5714
51.7143
93.7143
95.7143
57.4286
106.714
48.1429
135
84.1429
93.7143
31.4286
107.429
66.7143
33.5714
36.4286
81.4286
67.5714
73.4286
13.7143
142.857
70.7143
98.1429
72.4286
51.4286
108.714
13.8571
10.5714
114.429
99.8571
98.5714
144.571
26.7143
31.2857
7.42857
24.8571
68.2857
94.2857
34.2857
107.143
132.143
65.2857
23.5714
126.286
81.2857
56.8571
99.4286
85.7143
108
44.4286
140
53.7143
133.571
90.4286
6.57143
94
29
89
68.7143
65.1429
107
121.429
0.285714
35.7143
32.4286
95.1429
72.5714
114.286
115
33.7143
145
21.7143
67
7
111.429
146
70.5714
22.7143
74.5714
97.7143
33.1429
142.714
141.286
120.571
21.8571
139.714
5.57143
99.1429
94.7143
57.1429
134
15.8571
130.286
55.7143
43.5714
138.286
132.571
145
111.857
29.5714
128.857
55.7143
47.4286
1.42857
38.5714
54.8571
144
119.286
68.8571
79.8571
88.5714
75.2857
28.4286
31.2857
91.5714
31.8571
51.8571
136.714
27.2857
44.8571
85.5714
65.8571
31.8571
73.4286
80.5714
72
113.857
47.4286
99.8571
22.4286
33.8571
68
97.2857
137
143.571
25.2857
66
4.14286
139
141.429
144.857
144.857
49
102.429
80.5714
31.2857
91
138.286
86.2857
84.2857
65.8571
87.1429
69.8571
74.5714
103.714
75.5714
62.4286
108.286
3.57143
42.1429
97.7143
88.7143
129
20.7143
73.7143
0.285714
37.7143
10
106.143
14.4286
29.1429
113.143
8.85714
54.2857
94.4286
35.4286
77.2857
86.5714
39.5714
129.571
77
51.8571
53.2857
45.8571
26.7143
136.143
34.2857
109
114
46
33
0.857143
49.8571
39.4286
22.2857
61.4286
40.8571
70.2857
127.429
81
40.8571
13.8571
120.857
129.286
17.8571
3.71429
132.571
90.7143
137.714
88.2857
23
54.4286
33
42
1.85714
76.8571
28.4286
81.2857
18.5714
12.1429
46.8571
120.571
145.286
51.7143
124.286
80
3.71429
118.714
47.8571
74.7143
21
22.2857
111.286
20
63.2857
86.1429
28.1429
126.857
0
138.857
17.2857
135.286
83.8571
27.8571
43.1429
133.429
118.571
132.571
58.8571
100.714
30
8.85714
45.4286
53
70.8571
82.4286
93.7143
66.4286
128.571
59.7143
72.7143
131.429
111.857
101.143
47.8571
112
11.2857
83.4286
113.286
38.2857
43.4286
103
118.429
109.857
23.8571
112.714
130.286
22.1429
127
99.1429
39.4286
11.2857
116.429
83.2857
67.8571
83.4286
54.4286
56.4286
121.571
52.8571
115.429
132.857
22.4286
132.571
13
83.2857
100.571
10
44.5714
3.14286
120.429
13.8571
109.143
137.571
55
106.571
32
131
90.5714
79.5714
92.1429
61.5714
96
17
109.857
20.8571
1.42857
83.8571
105.571
26.1429
136
32.5714
18.7143
40.8571
26.1429
41
121.857
107.571
0.428571
76.7143
43.2857
100.857
123.286
107.286
99.7143
33.1429
83
12.1429
47.5714
136.143
79.2857
20.2857
17.1429
52.5714
12.4286
86.2857
58.2857
107.571
101.571
6.28571
34.7143
101.143
145
73.8571
120.286
23.1429
133.143
32.4286
38.1429
86.2857
138.857
46.2857
77.8571
121.857
110.571
4
2.85714
76.5714
95.1429
76.2857
117.286
106
43.7143
59.8571
136.286
15.1429
51.8571
116.429
77
119.571
113.429
6.28571
2.14286
22.8571
86.1429
18.4286
67.5714
102.714
32.7143
74.2857
22.1429
3
100.714
139.429
24.1429
9.57143
27.8571
59.8571
28.1429
58.5714
78
30.4286
38.5714
94
143.857
45.7143
145.857
123.714
135.857
85
72.4286
45.1429
141.571
35.8571
110.857
65.8571
113.429
76.7143
128
65.7143
71.8571
62.7143
112.571
62.8571
131.143
67.4286
103.286
104.714
143.286
102.143
3.28571
133.429
56.5714
120
142.143
73.2857
38.4286
65.4286
129.143
24
119.714
35.4286
18
113.571
77.8571
108.857
77.8571
117.714
13.2857
95
77.5714
72.4286
81.8571
107.429
139.429
107.143
107.143
69.2857
44.8571
67.1429
104.857
47.2857
142.143
82.2857
17.1429
80.7143
88.2857
92.8571
34.1429
103.571
89.2857
46.2857
48.7143
87.4286
117.429
16
26.5714
30.5714
10.5714
0
77.7143
137.143
65
65
111.714
86.4286
123.429
57.5714
132.571
144.429
70.4286
76.7143
47.8571
19.8571
126.143
55.1429
140.714
16.1429
56.4286
135.143
59.7143
92
95.8571
138.143
66.5714
138
42.2857
128.143
21.1429
103.143
65
48.7143
101.571
49.5714
3.14286
61.4286
2.42857
122.714
41
39.1429
89.1429
92.8571
50.5714
96
46
74
18.2857
135.429
107.143
105.714
4.14286
102.143
4.85714
38.1429
9.85714
20.7143
90.5714
18.4286
138
131.714
24.5714
132.143
46.7143
85.7143
98
42.5714
36.1429
136.714
95.5714
103.714
77.4286
110.714
66.5714
64.8571
65.4286
2.71429
97.2857
46
98.8571
28.7143
110.857
142.286
97.1429
118.571
96.5714
6.85714
51.8571
90.7143
99.5714
65.1429
80.7143
109.429
70.1429
140.571
130
3
136.714
100
77
29.8571
76.7143
143.143
53.8571
113.857
93.1429
139.714
136.857
52.2857
129
140.714
120.143
111.571
115.429
16.7143
19
82
59.4286
5.42857
78.4286
78.2857
19.7143
104.857
74.2857
59.2857
125.286
62
102.286
65.8571
79.2857
1.71429
128
108.429
3.71429
119.286
145.857
107.143
121.286
41.7143
47
135.857
139.143
43.4286
88.1429
94.4286
22.7143
125.714
76.7143
130.429
124.571
103.143
12.8571
77.7143
132.143
34.5714
92.1429
41
67.7143
70.4286
133.143
24.7143
9.28571
28.8571
106.714
97.7143
143
4.14286
42.2857
83.2857
32.8571
143.286
111.143
56
45.7143
105.429
38.2857
51.2857
88.7143
58.5714
77.4286
10.8571
22
5.57143
18
117
51.8571
124.714
31.2857
61.1429
15.7143
108.714
37.2857
136.143
86.1429
99
1.71429
77.5714
113.714
128.857
56
96
73.4286
13.2857
106.429
1.57143
2.57143
16.7143
114.143
141.429
73.5714
47
68
140.286
133.571
83.7143
12.8571
139.571
64.5714
126.143
11.5714
33.4286
140.429
44
117.286
145.571
91.1429
63
37.1429
74.7143
39.8571
17.1429
26.7143
133.857
115.429
28.5714
55.2857
72.1429
74
115
72
141.286
91.7143
137.714
138.429
132.714
28.8571
43.1429
0
22
96.4286
11.8571
95.2857
97.2857
120.429
121.143
27.7143
30.2857
23.4286
117.714
50.1429
22.5714
117.429
137.286
130
104.286
116
55.4286
37.2857
8.14286
116.143
99
50.5714
58.8571
44.7143
128
33.8571
112.429
103.286
104.286
58.2857
14.1429
117.429
123.143
95.4286
42.5714
135.714
70.2857
89.1429
117.286
122
127.286
105.429
80.7143
40.2857
26.8571
36.4286
4.14286
103.429
17.7143
69.8571
65
47.2857
27.5714
104
124.143
42.8571
50.5714
141.714
123.857
68.7143
123.429
44.2857
126
49
130.714
69.4286
146.286
135.286
113.286
89.1429
81.4286
102.429
137.571
58.2857
50
146
7.57143
86.2857
34.4286
20.8571
83.7143
81.7143
125.143
21
16
68.7143
42.7143
129.286
5
65.4286
11.8571
18.7143
18.8571
32
35
39.5714
92
132.571
42.5714
20.1429
136
64.4286
117.286
34.2857
146.286
114.857
80.8571
124.286
42.4286
87.1429
40.8571
52.2857
44.4286
99.4286
146.286
101.571
131.714
3.57143
40.1429
130.571
15
41.4286
104.714
117.714
90.5714
24.8571
39.2857
134.429
117.286
49.4286
12.8571
41
81
104.429
46.1429
76.7143
74.7143
126.286
124.714
33.4286
23.4286
86.8571
68.7143
141.286
45.5714
51.7143
20
140.857
56
38
124.286
89.8571
42.4286
103
96.2857
11
120.143
101
91
37.8571
112.857
77
135
85.1429
113.286
76.8571
48.7143
20.7143
58.2857
14.5714
39.5714
139.714
59.5714
53
119.429
18.1429
29.1429
98
134.143
70.5714
139.571
88.7143
76.1429
122.143
111.143
70.4286
30.8571
14.1429
105.286
108.286
81.1429
101.857
51.8571
121.714
114.429
110.571
29.1429
80.2857
102
11.2857
13.8571
61.4286
69.7143
61.8571
47.8571
19.1429
101
84.2857
145.143
29.2857
91.8571
26
77.4286
124.857
55
128.714
22.8571
105
42
65
115.714
134.286
85.2857
21.5714
119.857
15.1429
10.5714
17.8571
139.571
142.286
93.7143
141.429
81
42.1429
68.2857
66.2857
88
100
1.14286
65.7143
51.7143
5.42857
144.143
85.4286
60.2857
77.2857
125.857
82.4286
108
27.1429
22.7143
35.2857
12.1429
26.7143
145.429
11.7143
5.85714
98.4286
114
44.5714
99.2857
55
133.571
108.143
30.7143
96.7143
137.714
60.1429
81.1429
40.8571
20.5714
61.5714
36.7143
115.143
26.8571
91.2857
76
66
8.28571
22.4286
26.5714
11.5714
102
18.8571
14.8571
5.71429
53.7143
55.5714
37.5714
47.5714
54.4286
86.8571
77.8571
129.857
136.714
8.71429
143.857
0.714286
136.143
31
127.429
102.429
0.714286
99.7143
42
64.2857
136.714
126.429
36
3.28571
78.5714
67.4286
99.8571
16.2857
45
29
117.714
83.8571
126.143
75
54.8571
66.2857
127.286
112.143
13
35.4286
53
134.714
49.7143
35.2857
5.57143
22.7143
128
30.2857
9.42857
128.286
75.5714
97.8571
77.4286
33.2857
65.5714
18.8571
42.4286
110.143
129.429
64.8571
108.571
145.714
110.857
33
31.7143
49
92.5714
118.714
103.714
139.714
74.5714
69
76.4286
126.286
29.5714
122.857
56.8571
23
31.7143
80.2857
30.2857
29.1429
75.1429
77.4286
90.2857
36.2857
71.5714
24.4286
116.143
127.857
2
124.286
53.2857
107.857
134.143
16.4286
72.5714
45.7143
123.571
116.143
123.571
4.71429
58.7143
41.2857
33.1429
137.571
0.428571
119.286
77
80.5714
37.5714
3
117.143
43.1429
44.4286
87.1429
57.7143
124.714
37.2857
8
28.7143
13.1429
109.714
67.7143
12.4286
142.143
106.143
98.8571
59.5714
53.1429
58.8571
31.7143
109.143
19.2857
130.143
121.714
99.2857
110.857
102
79.1429
88.2857
22.4286
103.571
58.5714
111.857
61
76.1429
140.286
102.143
88.5714
20.7143
19
142
27
41.4286
3.57143
25.8571
119.714
48
132.714
6.57143
134.857
8.57143
55.7143
63.1429
142
90.1429
102.571
105.286
40
109.571
142.143
28.5714
58.1429
116.857
134.857
82
21.7143
28
23.1429
92.4286
67.1429
142.143
49.4286
16.1429
80
43
111.571
76
130.143
15
54.5714
22
132.571
16.4286
19.4286
49.4286
131.286
102.857
11
94.7143
17.7143
6.85714
93.2857
53.1429
14.2857
36
52.8571
6.28571
104.571
129.857
46.5714
141.857
125.571
29.8571
11.7143
36
131.286
0.857143
47
60.5714
49.1429
14.7143
18.4286
124.143
105.429
64.7143
127
57
78.4286
116.429
87.8571
35.1429
39
13.5714
67.1429
108.714
91.4286
63.8571
2.28571
90.4286
110.714
97.4286
1.71429
132.571
124.143
96.8571
26.1429
49.7143
73.2857
9.71429
140.714
122.286
103.429
125.571
84.8571
114.714
45.8571
45.8571
45
21.7143
30.4286
139.571
58.8571
102.714
49.5714
108.429
123.571
67.1429
129.857
145.143
88
33.4286
68.8571
14.5714
43.2857
27.5714
127.714
104.286
13.8571
140.429
39
102.429
48.1429
140.143
22.7143
39.4286
128.571
26.1429
8.57143
79.4286
119.286
79.1429
92
128.857
22.5714
137.286
48.7143
71.7143
118.143
7.85714
23.1429
30
60.2857
36.2857
82.2857
31.2857
109.286
10.5714
134.286
43.5714
99.8571
9.42857
58
81
104.714
111
37.8571
141
68.1429
85.4286
141.429
67.1429
34.7143
4.85714
145.286
98.2857
139.286
22
119.857
38.1429
110.429
90.5714
60.7143
120.429
33.1429
91.2857
14.2857
94.2857
70.5714
30.5714
75.2857
106.429
50
47
107.857
129
112.286
78.5714
25.4286
126.714
43.8571
32.1429
55.4286
128.429
137.286
89.7143
6.85714
141.571
68.4286
17.4286
120.286
71.5714
98.1429
111.571
131.143
15.4286
49.7143
101.857
129
56
11.4286
116.286
95.5714
128.857
144.714
96.1429
81
39.5714
103.857
11.7143
69.2857
75
6.42857
111.286
40.2857
18.7143
102.857
105
7.57143
125.857
116.857
29.8571
142.571
22.8571
7.57143
88.2857
80
126.429
64
69.2857
1.28571
5.28571
91.4286
97.4286
108.714
27.7143
140.571
89
100.714
0.857143
32.7143
124.143
46.2857
130.571
86.8571
49.2857
13.4286
145.571
126
53.5714
110.286
3.42857
94.7143
13.2857
25.5714
93.1429
116.143
105.286
102.714
34
119.143
43.5714
23
101.143
92.2857
140.143
121.571
73.7143
29.8571
38.2857
64.5714
107.571
73.7143
86.8571
36
69.8571
75.4286
91
95.5714
113.571
33.7143
145.429
50.5714
80.5714
20.8571
20.2857
13.1429
133.857
52.7143
34
26.1429
7.85714
45.4286
7.71429
80.7143
121
32
60.2857
57
23.7143
17.2857
13.7143
82.4286
100
47.2857
104.429
61.1429
46.5714
121.714
109
71.1429
51
29.8571
81.5714
93.7143
16.5714
135.571
9.57143
108.714
66.2857
99
100.429
64.2857
76.8571
14.2857
29.7143
122.143
86.5714
145.714
33
59.2857
15.7143
81.8571
27.5714
51.2857
72.7143
119.143
3.42857
64.4286
130
11.7143
55.5714
70
139.143
83.2857
81.7143
112.714
109.143
18.1429
28.8571
103
16.4286
44.1429
29.5714
35
62.2857
144.143
93.1429
20.1429
77.5714
144
25.5714
51.2857
94.7143
135.429
12.4286
99.5714
54
109.857
134.857
59.2857
30.2857
32
105
9.57143
67
91.2857
143.429
75
26.1429
50.8571
46.2857
137
57.1429
9.57143
52.4286
0.857143
2.28571
34.2857
110
24.4286
102
120.571
66.2857
40.1429
101.429
14.7143
113.143
115
1.28571
34
23.7143
139.429
109.571
114.714
49.7143
19.4286
24.7143
36.1429
43.1429
23
69.8571
124.143
100.571
15
30.1429
72.8571
40.2857
91.1429
6.28571
96.5714
68.2857
21.5714
92.5714
83.8571
109
85.7143
94.5714
71.1429
116.143
70.4286
93.8571
13.8571
25.1429
21
77.7143
121.143
73
21.7143
131.857
113
57.4286
56.8571
41.1429
25.5714
17.5714
24.2857
146
80.8571
81.7143
52.7143
108
67
31.5714
101.429
67.2857
117.571
44.8571
39.7143
52.1429
4
29
9.28571
124.714
69.2857
112.571
94.8571
13.1429
120.857
113.857
145.857
134.286
143.857
122.714
63.7143
109.286
66.4286
128.857
106.857
100
92.8571
44
23.8571
128.429
60
124.714
141
100.286
88.8571
129
126.714
28
4.71429
72.4286
46.1429
135.571
6.57143
41.7143
82
51.4286
121.286
53.4286
16.7143
14.5714
35.1429
85.5714
10.7143
66.2857
61.7143
114.429
114.714
111.429
111.286
11.2857
49
101.286
118.714
118.571
102
58.2857
81.2857
93.1429
51.7143
9.57143
65.5714
112.571
87.2857
70.1429
10
88.1429
71.1429
133.857
50.4286
141.571
70.5714
109
53.2857
10.5714
77.7143
81.4286
20.8571
3.42857
131.857
22.1429
53.5714
143.286
110.857
140.571
64.1429
0.571429
3.42857
29.5714
108.429
45.8571
26.1429
41.5714
94
68
91.5714
117.286
32.4286
144.857
75.8571
102.857
48.2857
95.2857
64.2857
97.7143
109.143
37.1429
72
92.8571
42.2857
66
29
42.4286
54.5714
94
121
133.571
72.2857
122.714
86.5714
13.4286
103
25.1429
47.5714
116
77.7143
102
112
69.1429
107.143
57
43.5714
37.1429
65.4286
13.2857
141.714
24.4286
16
97.1429
36.1429
132.714
2.85714
52.5714
18.1429
14.2857
41.2857
14.1429
48.4286
42.8571
119.857
33.2857
95.2857
93.5714
82.8571
126.143
52.5714
140.429
70.7143
142.857
107
110
36
15.5714
134
81.2857
82.2857
74.4286
68.8571
8.42857
124.143
32.4286
74.8571
139.286
133.714
72.8571
111.429
1.42857
2
1.85714
102.286
53.7143
99.1429
84.2857
119.857
136.571
127.286
98.4286
30.2857
97.1429
60.5714
47
134.286
41.5714
8
139.714
1.85714
16.1429
39.8571
75.7143
122.429
98.1429
113.857
63.2857
75
126.429
23.5714
28.2857
100
1.14286
10.1429
61.1429
114.286
133.286
110.286
112.429
41.8571
84.1429
107.714
37.2857
49.2857
35.8571
96.8571
39.8571
15.2857
47.8571
118
48.7143
94.8571
133.143
88
40.1429
77.1429
119.857
38.4286
36.1429
8.28571
45.7143
63.7143
28.7143
138.429
68.4286
45
138.857
128.857
17.8571
59.4286
39.2857
102.286
82.4286
112.714
131.429
112.429
85.8571
29.8571
125
81.8571
72.4286
106.143
8.14286
72.1429
71.1429
144.857
66.8571
68.1429
122.143
8.28571
20.2857
41.2857
62.2857
121.714
108.143
3.42857
54.1429
46.5714
106.714
137.714
118.714
51
136.286
40.7143
72.7143
146.286
41.4286
142.286
17
55.5714
92.4286
14
1.85714
76.4286
67
84.8571
121.571
85.7143
32.7143
16.7143
68.5714
80.7143
8.57143
136.286
118.714
140.571
101.857
10
22
141.429
35
39
26
133.143
27.5714
98.2857
63.8571
141.143
93.4286
137
91.4286
6
87.8571
143.429
86.2857
52.8571
61.4286
93.4286
60.4286
112.429
27.4286
44
12
82.7143
79.2857
52.7143
87.2857
10.8571
48.7143
76.8571
111.286
104.714
106.571
112.571
4.14286
113.429
135.857
5.57143
134.857
120
103.286
28.5714
83.7143
99.8571
47.8571
7.85714
52.4286
144.286
40.1429
98
42
95.5714
78.7143
80.4286
72
62.7143
70
22.7143
61.4286
105.571
58.1429
79.2857
97.7143
76.1429
99
114.857
82.8571
39
85.1429
17.4286
10.2857
20.2857
100
98.2857
123.286
18.1429
117.571
90.4286
3.57143
90.7143
127.429
45.4286
135.429
99.8571
143.571
105.429
140.857
140.286
58.7143
94
59.5714
8.57143
27.2857
87.4286
102
124.429
30.2857
19
78.2857
20
5.14286
143.429
57.8571
143.286
36.7143
122.714
103.714
112.429
88
61.7143
119.429
138.429
74.5714
100.571
55
137.857
85.5714
35.8571
59.2857
71.2857
34.1429
77.8571
24.8571
111.429
75
113.857
55.5714
100.571
140
30
37.8571
99
105.571
57.1429
144
134
102.429
108.857
21.4286
82
103.714
120.571
59.8571
18
15.1429
68.7143
3
132.286
7.57143
10.8571
8
126
74.2857
12.7143
126.143
139.714
89
86.7143
97.5714
64.1429
144.286
134.714
62
83.8571
81.7143
70.5714
55.1429
5.14286
108.429
121.429
72.4286
122.714
111.286
89.1429
141.571
135.857
144.286
95.8571
0.571429
90.8571
79.7143
89.4286
111
60.2857
16.7143
144.571
13.7143
36.5714
37.1429
18.4286
136.286
13
131.714
75.8571
42.2857
31.2857
134
140.571
105.857
138.571
83.4286
21
88.2857
66.7143
95.7143
6.28571
29
72.1429
137.714
138.714
107.714
92.2857
108
113.429
114.714
135.286
86
77.4286
140.429
127
118.429
134.429
27.1429
6.28571
116
142.571
92.7143
41.8571
103.857
135.286
69.1429
103.429
136.714
9.28571
136.714
133
2.71429
141.714
38.8571
91
62.8571
55
34.2857
126
115.429
146.143
5.42857
116.143
124.429
56.8571
23.5714
52.4286
140.429
4
117.857
46.2857
39.1429
86.2857
100.714
12
54.8571
16.7143
104.286
125.429
3.57143
103
40.1429
2
119.571
95.4286
137.714
70
25.2857
98.5714
1
128.571
45.5714
29.4286
110.857
113
63.4286
121.571
111.857
132.714
9.42857
140.571
108.286
55.2857
56.7143
36.2857
29
46.7143
116.429
105.429
16
80.5714
81.5714
64
8.14286
30.2857
95.1429
128.429
47.2857
103.714
83.2857
118.143
15
103.286
68
119.571
106.286
41.7143
38.2857
96.7143
64.1429
27.8571
132.286
122
71.7143
17
110.857
41.2857
67
51.8571
54.7143
52.2857
86.8571
48.4286
115.714
46.5714
19
49.7143
78.8571
0.428571
18
79.4286
68.2857
70.1429
140.857
124
139.857
112.143
54
17.4286
117.571
144
36.1429
44.4286
99.4286
22.8571
137.714
5
77.5714
93.4286
26.4286
132.429
8.57143
31.8571
117.286
37.2857
54.5714
119.571
126.571
123.286
140.571
109.714
77.7143
105.286
33.2857
114.571
84.1429
56.5714
133.429
70.2857
64.1429
84
6.71429
93.2857
130.857
134.571
39.1429
139.714
77.7143
7.42857
32.1429
81.4286
92.2857
38.4286
32.1429
143
115.571
135.857
91.7143
134.429
25.4286
88.1429
146.286
74.1429
42.5714
68.2857
98.2857
42.8571
79
107.857
5.71429
124.143
33.7143
68
67
115.571
64.7143
23.8571
131.714
116.571
31
93.1429
1.42857
143.429
76.1429
21.7143
113.429
121.286
19
64.4286
29.4286
14
57.5714
144.286
28.2857
3.71429
77.8571
63.2857
19.2857
28.8571
114.429
138.857
59
49.1429
91.5714
31.8571
3.57143
36.1429
82
95
56.8571
117.286
61
113.143
60.7143
35.7143
30.5714
129.571
18.2857
60.8571
124.286
53.4286
51.8571
49.1429
63.8571
128.571
78.2857
79.4286
141.143
123.286
76
6.14286
113.143
91.2857
104
126.143
125.571
85.8571
27.1429
25.7143
55.4286
82.4286
146.286
56.2857
14.5714
131.571
85.8571
29
50.4286
27.7143
27.5714
141.143
80.4286
115.857
117
25
98.4286
108.429
86.7143
145.571
105
59.5714
15.2857
143.429
87.4286
96
17.7143
116.571
113.429
136.857
135.571
56.1429
73.5714
80.5714
79.2857
101.571
101.857
137.143
5.71429
35.2857
28
47.7143
57.8571
12.4286
42.2857
38.7143
107.429
77.2857
139.286
58.1429
61.5714
81
91.7143
42.5714
112.429
81.8571
101.571
90
45.2857
17.8571
103.429
6.71429
104.857
5.57143
8.85714
107.714
36.7143
39.4286
13.4286
56.1429
140.143
28
77.2857
19.7143
93
142.571
93.5714
127.429
127.143
137.429
98.5714
36.2857
68
14.2857
106.714
34.5714
127.857
145.714
12.2857
80.7143
63.5714
39.8571
68.4286
50.7143
79.1429
133.857
96.5714
106.857
132.857
15.2857
124.714
23.8571
134
60.7143
90.1429
119.857
40.2857
44.5714
91.7143
36.2857
72.1429
48.1429
105.429
30.4286
122.857
130.429
116.714
68.2857
30.2857
112.857
44.4286
142.286
15.8571
15.2857
56.7143
81.5714
122.857
35.2857
71.4286
110.571
127.429
112.714
112.429
108.857
0.571429
125.143
29.2857
27.1429
39
44.1429
125.143
57.5714
33.2857
43.2857
62.7143
99.1429
7.85714
104.714
140.571
101.857
24.2857
15.5714
40.8571
122.286
81.2857
16.7143
27.4286
6.42857
91.8571
111.857
13.8571
56.8571
125.286
51.5714
59
20.2857
122
110.143
74.7143
64
5.57143
80
55.5714
133.143
57.1429
102.286
104.429
74.2857
23.2857
136.429
145.143
8.14286
82.7143
79.7143
93.1429
104
51.5714
23.1429
42.5714
95.4286
45.8571
99.7143
97.1429
120.286
23.5714
57.1429
89.7143
97
62.5714
3
43.2857
60.8571
65.7143
33.8571
108.714
139
93
10.7143
0.428571
19.4286
92.7143
42.5714
3
46.4286
117.571
35.4286
30.8571
85.7143
106.143
102.714
66
109
138.571
117
113.714
88.1429
87.5714
128.857
126.714
62
67.1429
8.14286
128.714
51.8571
136.143
18.7143
4.71429
3.57143
36.5714
68.5714
8.28571
63.8571
82
8.57143
111
94.7143
97.4286
118
92.4286
146.143
46.4286
101.714
146.143
10.8571
136.429
41.7143
95.4286
143.714
58.7143
61.4286
21
112
2.28571
94.8571
133.571
4.28571
62.7143
44.2857
120.143
32.8571
129.429
38.4286
48.8571
115
65.4286
20.8571
53.5714
110.286
75.4286
48.1429
129.429
142
37.1429
74.5714
113.714
1
42
134
117.714
83.4286
55.4286
9.85714
120.143
102.714
98.8571
32.7143
101.143
98.5714
37.2857
67.7143
19.7143
18.1429
116.714
74
96.2857
19.1429
46.4286
104.714
85.4286
131.286
34.2857
56.8571
60.2857
9.85714
31
9.14286
8.28571
56.8571
61.4286
134.571
61.7143
68.1429
121.571
48.2857
119.429
103
77.2857
88.1429
145
18.8571
61.1429
117.286
84.2857
118.857
98
97.7143
66.8571
113.429
113
99.8571
84.1429
105.571
18
24.8571
43.5714
27.7143
56
120.429
99.8571
80.2857
55.2857
143.143
21.2857
54.1429
73.7143
38.4286
96.5714
96.4286
21.8571
21.7143
6.14286
87.2857
33
145.429
29.5714
130.571
111.429
112.143
85.1429
102.143
112.571
40.8571
144.286
66.8571
4.42857
32.1429
139.286
136.571
59.8571
103.429
134.857
40.2857
83.4286
60.7143
5.42857
55.7143
101.857
68.7143
35.1429
10.1429
101.571
109.286
86.5714
129.857
105.429
24.5714
81.1429
53.1429
119.286
31
63.1429
34.8571
133.571
46.8571
10.4286
109.571
51.8571
105.857
66.5714
42.1429
61.2857
21.7143
95.4286
140.714
1.42857
138.143
112.714
24.7143
36.1429
138
145.429
129.714
103
111.429
132
33.8571
30.7143
5.28571
110.286
130.286
145.571
12.2857
125.857
45.1429
18.7143
14.8571
74.7143
134.571
128.571
28.4286
36.5714
116.143
12.7143
5.14286
20.5714
52.7143
15.8571
116.143
68.5714
126.571
53.1429
36.8571
131.857
80.2857
48.7143
1.57143
105
59.8571
85.1429
115.143
40.4286
82.5714
6.57143
120.714
33.8571
41.1429
7.28571
64.1429
68
85.4286
141.714
120.143
56.7143
68.5714
84
113
34.4286
131.286
133.429
94.7143
108.714
15.8571
120.286
61.8571
45
1
18.4286
135.286
39.5714
100.143
52.7143
9.71429
35.4286
131
33
61.2857
67.7143
10.1429
97.7143
91.4286
89.8571
142
69.1429
30.8571
49.7143
119.857
81
49.4286
38.5714
47.7143
125.714
121.143
109.714
13
144.143
3.57143
41.7143
111.571
21.1429
42.2857
54.2857
122.143
49.5714
5.14286
32.8571
0.714286
22.5714
45
130
15.2857
76.1429
60.5714
26.4286
119.714
106
62.1429
14.1429
126.714
18.1429
15.4286
143.429
1.57143
132.143
2.28571
14.1429
51.8571
78.2857
16.8571
26.2857
107.857
12.4286
78.1429
31.4286
22.7143
139
54.1429
40.8571
68.4286
26.7143
88.4286
62
26.2857
92.5714
19.7143
128.143
38.1429
88.4286
14.7143
32.7143
17
7.57143
12.7143
104.286
107.714
75.4286
64.7143
133.429
23.1429
122
34
133.429
53.5714
143.286
70
85.2857
53.1429
20.7143
38.5714
134.429
50
140.857
95.5714
63.7143
119.857
79
92.4286
121.286
6.14286
60.4286
53.2857
99.4286
90.8571
59.2857
91.2857
49.7143
135.429
108.857
129.286
117.286
6.85714
96.5714
58.7143
1
88.4286
63
66.5714
103
105.571
46.1429
57.1429
46.8571
38.4286
96
73.7143
113.429
114.143
48
24.8571
114.429
56.4286
4.71429
120.429
136.714
120.571
120.857
92.7143
14.4286
44.2857
136.714
83
135.286
26.4286
36.2857
32.7143
47.5714
139.143
82.8571
55.5714
52
10.4286
52.5714
138.286
132.286
33.1429
15
101
123.143
77
64.7143
77.8571
126.429
0.428571
116.286
87.7143
6
118.286
83
89.5714
122
43
23.8571
30.2857
130.286
38.2857
59.8571
105.714
53.4286
52.2857
140
90.1429
117.286
89.7143
98.2857
83.7143
124.429
127.429
63.7143
15.5714
75.8571
138
146.286
6.71429
119.571
4
80.1429
35.4286
69
11.5714
31
56.4286
128.143
90.7143
118.429
4.85714
125
56.7143
64.4286
64.2857
6.57143
33.8571
97.1429
144
110.429
14
25.1429
62.8571
102.429
41.4286
62.8571
46.4286
20.5714
67.4286
64.7143
67.8571
117.429
38.4286
96.2857
136.857
36.1429
96.4286
139
70.7143
5.85714
108.143
134.571
120.286
62.2857
29.1429
17.7143
58.1429
113
86
43.1429
133.286
69.8571
123.571
47.2857
29
70.1429
1
41.1429
31.7143
95.8571
127.571
130
21.1429
82.2857
118.571
128.571
37.2857
127.286
7.71429
61.8571
111
82.2857
54.4286
136.571
117.143
102.429
125.143
100.429
29.2857
81.5714
117.143
0.142857
22.5714
104.857
93.4286
134.286
14.2857
116
23.8571
103
58.4286
58
93.2857
118.857
118.429
28.4286
69.2857
98
47.7143
43.7143
36.7143
116
99.4286
60.5714
133.857
122.286
95.5714
55.5714
146
1.14286
127.286
113.571
134.143
48.2857
25.4286
112
99.2857
70.4286
109
97.1429
43.2857
139.429
116
36.4286
98.2857
44.1429
124
68.8571
61
124
106.143
18.8571
124.571
107.429
19.1429
107.857
22
9.42857
98.2857
72.7143
105.571
42.5714
138.714
59.8571
45.4286
63.2857
110.857
49.2857
113.429
122.857
48.1429
102
72
99.7143
126.571
80.2857
50.7143
121.571
143.143
76.7143
42.4286
104.429
89
33.2857
114.429
59.2857
80.4286
69
69.4286
93.2857
83.1429
105.857
111.714
45.8571
71.2857
121.571
4.42857
120.286
48.7143
97.2857
28
66.4286
77.4286
134.571
52.4286
21.4286
97.5714
35
75.1429
70.7143
82.2857
13.4286
55.5714
21.5714
85
32.4286
89.5714
61.5714
124.714
125.143
93.5714
145.286
88.4286
31.1429
27.2857
68.2857
4.42857
3.57143
61.1429
95.2857
105.286
81.4286
103.143
26.4286
78.4286
136.429
135
18
88.7143
96.4286
83.8571
112.571
55.8571
45
48.8571
75.5714
112.714
14.5714
53
141.714
65
111.714
6
12.5714
72
80.1429
97.5714
59.2857
97.1429
66.7143
76
68.2857
41.4286
30.8571
80.5714
71
8.42857
116.286
119.857
109.286
107.571
101
73.7143
103.857
107.429
138
64.8571
84
100.571
39.8571
74
106.143
49
67.8571
63.2857
61
72.2857
129.143
47.8571
67
135.143
6.57143
108.714
56.8571
132.714
64
74.1429
36.5714
19
2
15.5714
115.571
71.8571
111.571
89.2857
123.286
54.2857
14
42.7143
118.429
80.5714
120.286
14
119.714
126.714
108.429
34.7143
142.143
42.5714
121
123.571
68.1429
118.143
38.1429
10.1429
8
134.857
63.7143
131.286
124.143
85.7143
108.857
52.7143
65.7143
135.429
97.2857
114.286
32.4286
99.8571
79
29.2857
143.143
142
32.1429
98
139.571
144.714
2.71429
35.5714
27.4286
25.5714
78.5714
45.5714
88
133.857
140.286
137.571
77
35.5714
139.143
55.2857
33.1429
72
71.8571
102.429
64.1429
65.2857
112
69.2857
56.4286
52.1429
54.5714
114.857
55.5714
0.714286
66.8571
27
33.7143
19.7143
2.57143
109.571
7.71429
125.857
91.2857
63.7143
108
44
93.1429
44.4286
59.8571
21
45.1429
49.1429
119.714
81.2857
50.7143
88.8571
6.71429
10.2857
10.4286
79.4286
47.7143
115
54
39.7143
140.714
38.5714
9.71429
30.8571
47
28.5714
9.85714
88.1429
0.571429
84
26.2857
40.8571
20.5714
69.5714
31.5714
92.4286
111.714
78.1429
23.4286
67
74.5714
141.714
120
38.4286
130.429
49
120.857
52.7143
89.7143
109.857
96.2857
59
144.857
127.429
5.57143
107.857
61
87.8571
6.85714
28.7143
8.42857
13.8571
128.429
80.1429
81.7143
72.1429
19.2857
128.143
33.1429
119
126.286
5.28571
93.8571
59.8571
13.1429
30.8571
34
23.5714
142.571
127.286
39.1429
71.1429
143.286
55
59.8571
72.5714
128.286
48.2857
23.5714
48.8571
27.8571
37.4286
100.286
86
123.143
53.7143
46.8571
144.429
53.8571
69
130
112.429
14.2857
120.286
32.1429
0.714286
89
74.8571
123.857
3.28571
133.857
60
121.571
127.429
68
126.857
67.2857
20.1429
83.1429
134.571
95.5714
107.714
50.5714
29.8571
118.571
121.571
95.1429
55.7143
25.2857
120.857
48
59.4286
47.8571
121.143
23.7143
15.7143
90.7143
68.1429
67.2857
107.571
131.143
0
68.4286
131.286
42.5714
24.4286
125.143
10.5714
7.28571
77.5714
95.1429
15.1429
96.4286
115.286
118.571
116.571
136.286
11.8571
72.1429
104.714
65.1429
107.857
136.571
12
92.4286
118.571
107.714
98.2857
110.714
143.714
36.5714
5.14286
13.5714
64
0.142857
107
36.5714
23.1429
50.4286
111.857
71
102.714
11.5714
123.143
40.4286
134.857
67.7143
62.2857
5
8
143
1.57143
120.429
99.5714
99.4286
75.8571
59.8571
7.42857
21.2857
109.571
141.714
29
5
139.857
106.714
70.2857
62.7143
121
102.286
30
84.5714
6.42857
94.1429
43
52.4286
97.8571
17.1429
145.857
78.8571
128.429
86.5714
143.571
28.8571
67.2857
102.143
38
66.8571
22
114.429
72.1429
15.4286
16.7143
39
36
52
80.8571
61.7143
74.1429
17.2857
76.2857
25.8571
3.85714
109.857
105.143
121
58.1429
79.1429
93.5714
63.8571
69.5714
124.857
75.2857
76.7143
88.2857
121.143
98
119.429
64
107.143
131.571
42.8571
64.5714
128.286
4.85714
145.286
131.143
43.8571
58.7143
67.5714
78
139.571
111.857
103.429
144
83.4286
138.714
138.714
100.143
14.1429
33.1429
118.857
45.4286
112.286
17.7143
48.8571
22
140.429
112.714
65.1429
123.714
62.2857
38.5714
14.2857
113.571
25.7143
46.5714
13.4286
35.5714
60
91.1429
82.1429
4.57143
48.2857
125.714
129.857
125.429
33.8571
65.2857
44.8571
26.7143
2.42857
70.8571
64.1429
127.571
13.8571
13.4286
1
54.1429
38.7143
58.8571
53.2857
69.7143
138
29.2857
108.143
126.571
52.4286
24.2857
137
146.143
108.714
115.714
134
2.85714
10.5714
119.429
95.2857
129.143
60.2857
54.8571
110.286
78
122.286
134
2.85714
16.1429
15.4286
26.5714
1.57143
71.4286
118.286
110.429
127.429
136.857
43.1429
11.7143
45.2857
76.8571
6.57143
61.7143
69.2857
51.5714
131.857
136.429
44.1429
142
79.8571
142.714
82.4286
145.857
49
69.5714
95.5714
125.857
70.1429
75
91
67.2857
99
114.571
39.7143
37
33.4286
59.5714
108.714
30.7143
134.714
143.857
69.5714
27.1429
86.4286
37
10.8571
134.429
137.857
95.2857
129
122.857
106.429
27.1429
108.714
54.7143
90.7143
1
120.286
112.571
84.2857
118.714
139.143
118.286
10.7143
99.7143
51.2857
125.571
104.571
76
40.5714
128.286
103.571
41.2857
39.1429
92.7143
99.7143
77.8571
100.571
135
54.8571
10.1429
58.7143
23
130.143
129.143
88.1429
125.571
71.1429
85.8571
95.8571
56.7143
3
126.429
28.8571
90.5714
16.4286
39.7143
16
21.2857
123.714
116.286
37.5714
2.57143
17.8571
136.286
42.7143
43.5714
88.8571
67.4286
99.8571
0.857143
47
111.286
12.8571
129.429
143.429
138.714
33.2857
109.143
94.7143
64.2857
133
42.1429
51.1429
16.5714
138.143
114.429
17.8571
44.7143
21
36.4286
104.286
43.4286
142.714
21.2857
12.4286
63
98.4286
141.571
17
119.714
143
48.7143
51.2857
114.571
91
80.8571
53.1429
123.571
27.4286
124.714
43
49.5714
6
87.5714
85.1429
94.4286
55.4286
111.571
130.143
26.1429
41.1429
129.429
7.71429
102.429
26.5714
41
9.14286
102.571
143.714
14.7143
59.8571
131.429
0.285714
98.4286
76.4286
99.5714
33.8571
7.71429
131
48.5714
69.1429
64.7143
11
51.8571
122.571
144.286
27.8571
136.286
26.1429
65.2857
117.571
94.5714
12.5714
58.7143
126.714
28.2857
20.7143
145.857
142.857
35.4286
45.4286
71
47.4286
61.1429
94.7143
13.2857
54.8571
88.2857
105.571
144.286
137.286
132.571
86.5714
52.7143
31.2857
47.1429
88.1429
70.5714
28.5714
3.42857
73.5714
43.8571
86
19
70.5714
66.7143
125
47.5714
97.7143
60
38.1429
133.571
39.2857
75.8571
4.14286
98.5714
45.5714
43.4286
141.714
13.8571
33
35.4286
55.5714
61
92.1429
123.143
61.5714
59.4286
40.2857
106.429
14.5714
63
3.57143
26.2857
92.5714
56.4286
4.71429
44.7143
16.5714
41.7143
12.5714
141.571
127
40.2857
138.143
144.857
57.8571
64.5714
138.143
70.5714
127.857
31.4286
71.7143
52
94.7143
34.4286
13.4286
106.857
121
41.8571
18.7143
118.857
130.714
20.5714
123.429
80.5714
101.286
118.286
82.7143
101.857
50.4286
109.143
21.2857
115.143
34
32.2857
138.286
52
73
2.28571
129.286
42.7143
21.2857
82.8571
103.429
46
77.4286
49.5714
9.57143
47.4286
20.2857
27.4286
6.14286
59.5714
11.5714
101.143
97.1429
53
18.4286
17.4286
99.1429
125.286
80.4286
117.571
11.8571
50.4286
49.4286
36.2857
53
64
35.1429
12.2857
15.8571
134.429
61.7143
35
95.8571
86.2857
71.5714
5
140.857
59.4286
85.4286
115.571
46.4286
84.1429
94.5714
19.2857
89.8571
144.714
105.286
117.857
38
73.1429
63
19.1429
112.143
115.571
81.5714
45.4286
112.714
88
120.143
142.286
140.571
10.1429
97.4286
118.143
77.2857
29
55.2857
34.7143
136.286
44.4286
118.286
51.4286
126.714
139.714
23.4286
142.429
58.7143
55.1429
117.429
81.8571
123.714
129.857
21.1429
125.143
59
83.2857
123.286
114.571
42.7143
97.2857
144.429
66.8571
65.5714
118.857
74.5714
52.8571
1.14286
80.5714
73.2857
55.2857
65.4286
117
5.28571
80.5714
145
88.7143
84.8571
24.7143
17.7143
140.857
27.5714
113.571
47.2857
111.857
35
86
117.429
117.143
96.5714
104
69.1429
8.28571
146
117.714
124.429
134
1.71429
64.8571
56.4286
106.286
121.857
45.5714
87
23.2857
133.857
85.1429
83.4286
24.8571
55.1429
42.4286
65.7143
92.5714
26
34.8571
33.5714
47.7143
127.286
75.7143
38.4286
145.286
136
73.1429
68
92
88
102
25.7143
79.4286
104.714
25.2857
49.8571
19.8571
104
64
124.429
33.2857
97.7143
18.5714
137.286
117.286
83.7143
47.7143
84.2857
124.857
85.5714
54.4286
75.5714
56
99.1429
41.8571
82.2857
38.2857
8.14286
20
127.857
99.8571
4.14286
72.2857
116.571
53.8571
98.5714
18.4286
14.7143
121.143
2.71429
93.5714
34.7143
39.5714
142.857
64.5714
128.857
6.57143
97.8571
119
21.2857
74.8571
108
131.714
96
14.7143
120
7.57143
146.286
12.5714
7.71429
8.28571
111.286
28.2857
8.14286
142.429
87.4286
71.8571
67.4286
48.1429
55.2857
35.2857
18.1429
46.2857
52
14.8571
4.28571
29.8571
120.857
8
105
117.714
51
10.5714
66.4286
31.8571
92.1429
28.1429
127.857
53.2857
46.8571
76.4286
47.5714
31.1429
107.286
59
143.286
49.1429
6.14286
99.5714
24.1429
65.7143
58.7143
62.5714
132.857
52.1429
28.8571
2.85714
74.4286
94.1429
86.1429
60.2857
23.4286
113.143
107.429
61.8571
4.57143
15.8571
133.286
1.85714
145.857
73.7143
120.571
15.8571
120.714
15.2857
128.857
28.2857
70.1429
52.8571
139.857
9.71429
48
70.5714
133.714
116.286
108.143
27.4286
48.2857
126.857
88.5714
59.4286
73.8571
43.5714
2.42857
103.857
86
146.286
46.4286
146
61.7143
26.2857
112
3
42.1429
140.857
144.286
86.5714
113.857
145.143
119.857
59.4286
126.286
43.2857
9.85714
14
11.5714
48.1429
73.2857
97.1429
104.857
124
4.28571
114.286
62
28.8571
115.857
26.7143
71.7143
105.286
84.4286
84.4286
101.571
144.714
53.8571
6.14286
1.71429
86.8571
102.143
34.4286
80.2857
85.8571
113.429
13.7143
86.1429
95.5714
126.429
46.4286
94.1429
87.2857
86.5714
27.4286
140
127.143
138.143
61
103.429
52.5714
69.2857
31
87.8571
6.85714
100.857
39.7143
95.4286
26.5714
56.4286
39.8571
113.143
3.71429
71.8571
135.714
121.571
59.2857
84.8571
114.429
78.1429
101
113
100.857
126.143
76.2857
121.571
93.5714
5.71429
15.1429
3.71429
74.4286
25.4286
39.1429
91.8571
40.1429
96
127.571
130.143
131.429
121
140.143
142
117.857
122.714
116.857
32.5714
19.7143
90.8571
39.2857
1.42857
36
94.5714
92.1429
67.2857
53.1429
61.1429
84.1429
99.5714
61.8571
83.2857
67.1429
77.5714
116.571
32.1429
20.2857
21.5714
61.5714
101.286
87.1429
3.42857
110.714
11.5714
8.57143
112
50.8571
2.57143
8.85714
52.5714
118.714
86
74.7143
43.4286
105.714
48.1429
17
134.857
129.286
83.5714
113.571
140.571
70.5714
69.4286
29.5714
11
69.8571
92.2857
75.7143
88.5714
22.7143
65.1429
24.5714
62
106
0.571429
114.429
126.714
140.857
80
38
129.286
57.4286
116
10.7143
27
140
68.2857
54.8571
106.714
49.4286
141.857
96.4286
1.14286
18.4286
51.5714
16.2857
134
38.2857
117.571
82
2
73.4286
11
145.286
132.143
10.7143
72.4286
113.143
128.571
47.4286
39
65.5714
29.2857
131.286
123
38.5714
137.143
35.7143
72
7.42857
137.429
44
136.714
16.7143
117
39.2857
33.7143
76.1429
97.4286
50.4286
76.5714
123.571
120
141
33.1429
7.42857
111.286
95.1429
7.42857
47.8571
145.286
90.8571
64.7143
33.8571
28.8571
106.429
125
131.571
48.5714
57.7143
42.7143
39.8571
27.1429
126.143
17
99.4286
93.4286
45.4286
94.1429
30.2857
80.5714
59
27.2857
71.8571
10.5714
82.5714
8.28571
100
123.286
124
91.7143
27.4286
119.714
63.4286
125.286
92.2857
59.5714
127.286
55.2857
68.5714
83
89.1429
43.7143
118.571
63.5714
87
104.143
54.1429
64.5714
29
90
59.7143
41.1429
102.143
93.8571
20.8571
35.5714
122.571
30.8571
131.857
65.2857
61.2857
105.857
76.2857
65.4286
134.571
117.429
23
100
106.714
78.2857
102.571
61.7143
102
58.1429
116.143
42.1429
90.7143
76.8571
87.1429
84
35
100.143
9
7.14286
132.714
27.8571
125.714
51.7143
113.571
128.714
11.2857
52.4286
106.857
43.2857
24.4286
76.2857
114.571
4.42857
135.571
81.7143
46.8571
136.143
7.57143
27.4286
126.143
3.28571
127.143
126.429
61.2857
101.286
54.8571
134.571
55.4286
132.143
49.8571
68.8571
37.4286
104.143
40.7143
132.857
133.857
103.286
14.4286
132.714
82.4286
114.571
33.5714
24.4286
8.42857
122.571
70.2857
129.857
7.28571
95.8571
50.2857
75.8571
142.571
13.2857
37.7143
89.4286
25.4286
144.429
35.2857
119.143
139.857
109.714
17.4286
117.429
57.7143
74.7143
72.2857
130.714
40.4286
119.857
67.7143
137.286
50.4286
29.2857
84.5714
8.14286
65.4286
142.286
118.571
24.8571
136.714
46.2857
133.143
117.143
34.2857
137.571
88.7143
99.7143
58.1429
93.1429
